2 0.2609375 0.453125 0.084375 0.11796875
1 0.37890625 0.40625 0.0671875 0.58671875
1 0.7453125 0.43203125 0.0875 0.621875
1 0.47265625 0.4125 0.0703125 0.5921875
1 0.8484375 0.43828125 0.11171875 0.63515625
1 0.55859375 0.4171875 0.0671875 0.60078125
1 0.64921875 0.4234375 0.075 0.615625
2 0.35390625 0.46875 0.08828125 0.14140625
1 0.86171875 0.26015625 0.07421875 0.290625
1 0.28671875 0.234375 0.05703125 0.2671875
2 0.4625 0.4609375 0.10078125 0.13046875
1 0.30546875 0.57578125 0.0515625 0.23125
2 0.55390625 0.47421875 0.090625 0.13125
2 0.65078125 0.4765625 0.103125 0.1328125
2 0.7546875 0.4859375 0.10546875 0.14765625
2 0.878125 0.503125 0.13359375 0.1390625