2 0.259375 0.453125 0.08046875 0.115625
1 0.85 0.4359375 0.11328125 0.63203125
1 0.37734375 0.253125 0.0546875 0.303125
1 0.478125 0.2546875 0.05078125 0.29609375
1 0.2875 0.24296875 0.059375 0.28359375
1 0.565625 0.259375 0.05234375 0.30703125
1 0.746875 0.43203125 0.08984375 0.62265625
1 0.6546875 0.2625 0.0578125 0.309375
2 0.65 0.47890625 0.08671875 0.12421875
2 0.459375 0.46171875 0.0796875 0.115625
2 0.35703125 0.4578125 0.08203125 0.11875
2 0.55 0.47109375 0.078125 0.11796875
1 0.86171875 0.25625 0.0703125 0.28359375
1 0.3046875 0.56171875 0.05859375 0.2640625
1 0.38671875 0.5875 0.0515625 0.23515625
1 0.5578125 0.60703125 0.0484375 0.23515625
1 0.475 0.58515625 0.05546875 0.246875
1 0.64140625 0.60859375 0.059375 0.24140625
2 0.7609375 0.48359375 0.09296875 0.12890625
2 0.871875 0.48515625 0.11796875 0.13984375