2 0.26953125 0.3625 0.06796875 0.10859375
1 0.840625 0.56328125 0.2109375 0.6109375
1 0.3109375 0.32265625 0.134375 0.578125
2 0.55234375 0.490625 0.0796875 0.1171875
1 0.39453125 0.36171875 0.13671875 0.58359375
2 0.64921875 0.534375 0.084375 0.1234375
1 0.5265625 0.2078125 0.1109375 0.26640625
2 0.47109375 0.44765625 0.08203125 0.12578125
2 0.3734375 0.4171875 0.08828125 0.12578125
2 0.75625 0.58515625 0.08671875 0.13671875
2 0.86171875 0.63359375 0.09375 0.1609375
1 0.6875 0.2984375 0.1328125 0.2921875
1 0.53359375 0.65703125 0.08984375 0.196875
1 0.70234375 0.74140625 0.10078125 0.16953125