2 0.85625 0.5109375 0.12734375 0.15234375
2 0.74296875 0.50390625 0.10390625 0.15859375
1 0.371875 0.23203125 0.06875 0.265625
1 0.8421875 0.43046875 0.13125 0.65234375
1 0.734375 0.42734375 0.11953125 0.609375
1 0.478125 0.24765625 0.05 0.2828125
1 0.64765625 0.421875 0.07890625 0.6171875
1 0.565625 0.25234375 0.05234375 0.28984375
1 0.2875 0.2375 0.059375 0.27421875
1 0.28359375 0.4 0.11015625 0.58515625
2 0.35625 0.4578125 0.08515625 0.11796875
2 0.45859375 0.4609375 0.08203125 0.11796875
2 0.54765625 0.46953125 0.08046875 0.11875
1 0.7546875 0.25 0.0640625 0.275
1 0.8625 0.25546875 0.071875 0.27890625
1 0.384375 0.5671875 0.0546875 0.26953125
1 0.5578125 0.60859375 0.04453125 0.22265625
1 0.47734375 0.58203125 0.04296875 0.2484375
1 0.48515625 0.91953125 0.0359375 0.16015625
1 0.33125 0.9015625 0.04375 0.190625
2 0.6578125 0.47890625 0.0890625 0.14140625
2 0.25625 0.45390625 0.1015625 0.1234375