1 0.7921875 0.4203125 0.10625 0.7328125
1 0.35859375 0.3890625 0.078125 0.69296875
1 0.47421875 0.20703125 0.0609375 0.34765625
1 0.57890625 0.21171875 0.0609375 0.3546875
1 0.6828125 0.215625 0.0671875 0.35859375
1 0.2578125 0.38203125 0.1 0.6859375
2 0.21640625 0.44609375 0.09296875 0.13828125
1 0.9109375 0.428125 0.13671875 0.75234375
2 0.45390625 0.4546875 0.0953125 0.1390625
2 0.678125 0.47421875 0.1015625 0.14765625
1 0.25078125 0.1890625 0.06640625 0.3203125
2 0.559375 0.46484375 0.09453125 0.14375
1 0.92578125 0.21484375 0.08828125 0.3453125
1 0.47421875 0.60078125 0.059375 0.29765625
1 0.56796875 0.6234375 0.0578125 0.28203125
1 0.66640625 0.64609375 0.05859375 0.26015625
2 0.328125 0.4625 0.103125 0.14609375
2 0.93125 0.4890625 0.121875 0.1765625
2 0.79765625 0.47421875 0.11953125 0.17265625