1 0.8109375 0.5453125 0.16015625 0.58203125
0 0.2453125 0.296875 0.15703125 0.19375
0 0.49375 0.50078125 0.10234375 0.0765625
0 0.51796875 0.61796875 0.06328125 0.05859375
0 0.7703125 0.44765625 0.0859375 0.33984375
0 0.846875 0.59296875 0.2296875 0.12109375
0 0.084375 0.53203125 0.03203125 0.0375
1 0.9328125 0.6515625 0.11953125 0.22265625
0 0.30703125 0.521875 0.0578125 0.53125
0 0.52421875 0.56328125 0.02734375 0.13828125
1 0.65703125 0.6484375 0.21015625 0.15234375
0 0.50546875 0.653125 0.04609375 0.040625
1 0.55625 0.62890625 0.0703125 0.0984375
1 0.7765625 0.296875 0.034375 0.57734375
0 0.58671875 0.6078125 0.03203125 0.0515625