0 0.28203125 0.18515625 0.159375 0.146875
0 0.4953125 0.4921875 0.1078125 0.078125
1 0.79140625 0.69140625 0.17421875 0.59609375
1 0.30546875 0.4171875 0.221875 0.61171875
0 0.50078125 0.6203125 0.0625 0.065625
0 0.2171875 0.2265625 0.034375 0.053125
1 0.7609375 0.57265625 0.08125 0.3375
0 0.09375 0.3390625 0.0359375 0.0421875
0 0.82265625 0.2375 0.0453125 0.1921875
1 0.8015625 0.4203125 0.090625 0.5453125
0 0.1 0.38125 0.03828125 0.12265625
1 0.8984375 0.86171875 0.11953125 0.26171875