2 0.1671875 0.7125 0.0359375 0.0234375
1 0.6546875 0.1640625 0.03125 0.05625
2 0.05390625 0.68828125 0.03515625 0.0234375
2 0.12890625 0.70078125 0.0359375 0.02265625
2 0.090625 0.69296875 0.03515625 0.02265625
1 0.43984375 0.125 0.03203125 0.05625
1 0.56796875 0.1484375 0.02734375 0.0515625
2 0.340625 0.7140625 0.03515625 0.02578125
2 0.88828125 0.8578125 0.03671875 0.02578125
1 0.69765625 0.175 0.0328125 0.0546875
1 0.4015625 0.1171875 0.0328125 0.05703125
2 0.846875 0.8484375 0.03515625 0.02578125
2 0.80546875 0.84453125 0.0359375 0.025
1 0.74140625 0.1859375 0.0359375 0.05390625
1 0.36484375 0.11171875 0.03359375 0.05625
2 0.6265625 0.7859375 0.03515625 0.02578125
1 0.61171875 0.15703125 0.028125 0.05
1 0.3265625 0.1 0.0328125 0.05390625
0 0.33828125 0.778125 0.17890625 0.08203125
1 0.78984375 0.1921875 0.03984375 0.05234375
2 0.12890625 0.7046875 0.0359375 0.03203125
1 0.296875 0.096875 0.03203125 0.0515625
1 0.25390625 0.08359375 0.03515625 0.04921875
0 0.63203125 0.853125 0.20078125 0.09140625
2 0.24453125 0.14921875 0.046875 0.0578125
2 0.28671875 0.16015625 0.0390625 0.06875
2 0.325 0.17890625 0.03671875 0.04609375
2 0.3625 0.1765625 0.0390625 0.04140625
2 0.3953125 0.18515625 0.0359375 0.0484375
2 0.43359375 0.19375 0.0453125 0.0453125
2 0.5640625 0.2234375 0.053125 0.04921875
2 0.603125 0.23046875 0.0453125 0.03671875
2 0.65 0.234375 0.04609375 0.06796875
2 0.69609375 0.24375 0.03515625 0.059375
2 0.74140625 0.246875 0.0515625 0.05234375
2 0.79375 0.2671875 0.053125 0.06171875
2 0.91328125 0.27421875 0.05234375 0.0640625
2 0.96328125 0.2921875 0.0421875 0.05625