1 0.8109375 0.56015625 0.08984375 0.39296875
2 0.1328125 0.590625 0.0578125 0.075
1 0.73046875 0.56953125 0.075 0.3890625
2 0.20234375 0.58203125 0.05625 0.07421875
2 0.8140625 0.51171875 0.0671875 0.090625
2 0.73203125 0.51484375 0.0609375 0.07578125
1 0.15078125 0.6375 0.08359375 0.36953125
2 0.4890625 0.54296875 0.05546875 0.07421875
2 0.65 0.5296875 0.06015625 0.084375
1 0.6546875 0.5828125 0.0640625 0.38828125
1 0.221875 0.63203125 0.07109375 0.37265625
1 0.57265625 0.58828125 0.05703125 0.38671875
2 0.409375 0.5578125 0.0609375 0.0796875
1 0.4140625 0.60859375 0.06328125 0.378125
2 0.57109375 0.53359375 0.05625 0.075
1 0.78984375 0.4328125 0.04765625 0.1453125
1 0.71328125 0.434375 0.0453125 0.1265625
1 0.64375 0.4453125 0.040625 0.12109375
1 0.2359375 0.51953125 0.040625 0.15390625
1 0.49609375 0.59609375 0.0421875 0.3859375
1 0.17109375 0.52578125 0.04375 0.15078125
1 0.42421875 0.48828125 0.0359375 0.14609375