2 0.89296875 0.58984375 0.08359375 0.115625
1 0.8796875 0.67109375 0.1234375 0.5453125
2 0.7890625 0.60078125 0.07578125 0.10546875
1 0.784375 0.68359375 0.0984375 0.53515625
2 0.6890625 0.61953125 0.06953125 0.11015625
2 0.16953125 0.6875 0.06484375 0.1
2 0.08984375 0.69609375 0.0671875 0.1015625
2 0.5953125 0.62734375 0.06796875 0.10546875
1 0.69375 0.69609375 0.07265625 0.53828125
1 0.60390625 0.70859375 0.0625 0.534375
2 0.49921875 0.6390625 0.0671875 0.1078125
2 0.40703125 0.653125 0.07109375 0.10703125
1 0.41953125 0.72734375 0.0609375 0.5234375
1 0.11640625 0.7546875 0.1203125 0.490625
1 0.19375 0.75 0.1046875 0.49921875
1 0.7609375 0.5015625 0.053125 0.19453125
1 0.85078125 0.50078125 0.06015625 0.215625
1 0.678125 0.50859375 0.04375 0.1734375
1 0.14921875 0.60703125 0.0578125 0.196875
1 0.22109375 0.60078125 0.05234375 0.20546875
1 0.4296875 0.5671875 0.0390625 0.2125
1 0.51328125 0.5421875 0.03359375 0.1859375
1 0.51328125 0.7171875 0.04375 0.52578125