2 0.2453125 0.5109375 0.096875 0.1296875
2 0.3515625 0.52421875 0.09375 0.13046875
2 0.5359375 0.53671875 0.0875 0.12578125
2 0.44453125 0.52578125 0.090625 0.1265625
2 0.63828125 0.53984375 0.0875 0.121875
2 0.73515625 0.553125 0.08828125 0.121875
2 0.13671875 0.50390625 0.10234375 0.134375
1 0.14921875 0.5703125 0.1140625 0.63125
1 0.7171875 0.60703125 0.0984375 0.57421875
1 0.24921875 0.57421875 0.10234375 0.61953125
1 0.5328125 0.5953125 0.07890625 0.5953125
1 0.4484375 0.5875 0.07890625 0.60078125
1 0.3515625 0.58203125 0.0890625 0.60546875
1 0.621875 0.60078125 0.06875 0.590625