1 0.76328125 0.628125 0.1328125 0.72109375
1 0.63828125 0.621875 0.07578125 0.71875
1 0.53046875 0.625 0.06015625 0.74921875
1 0.43203125 0.60390625 0.05390625 0.7515625
1 0.315625 0.58046875 0.0734375 0.74453125
1 0.2078125 0.56796875 0.09921875 0.7921875
1 0.07734375 0.553125 0.11796875 0.80703125
2 0.66015625 0.5640625 0.11171875 0.1796875
2 0.78671875 0.56171875 0.10546875 0.17890625
2 0.078125 0.528125 0.12578125 0.18046875
2 0.20234375 0.5171875 0.0984375 0.190625
2 0.33203125 0.54375 0.08984375 0.209375
2 0.4359375 0.53359375 0.10703125 0.17265625
2 0.53203125 0.5546875 0.1140625 0.17109375