2 0.10859375 0.75078125 0.0421875 0.02890625
2 0.0640625 0.73828125 0.04375 0.02890625
1 0.4296875 0.0578125 0.03671875 0.065625
2 0.3125 0.7515625 0.0421875 0.02734375
1 0.384375 0.05 0.03828125 0.06796875
2 0.01953125 0.72734375 0.0390625 0.0296875
2 0.86015625 0.90546875 0.040625 0.03046875
2 0.95625 0.92265625 0.0421875 0.03046875
1 0.34140625 0.04296875 0.040625 0.06640625
1 0.7859375 0.13125 0.04140625 0.065625
2 0.9078125 0.9109375 0.0421875 0.03046875
1 0.73203125 0.11796875 0.03828125 0.06640625
1 0.68125 0.1046875 0.0359375 0.065625
2 0.65 0.8375 0.04140625 0.03046875
1 0.840625 0.13828125 0.04609375 0.06484375
1 0.296875 0.0328125 0.04140625 0.0625
1 0.5796875 0.08828125 0.03203125 0.06484375
1 0.63125 0.09921875 0.03203125 0.06640625
0 0.3140625 0.8375 0.20078125 0.0734375
1 0.96953125 0.16171875 0.0234375 0.053125
1 0.2453125 0.02734375 0.0375 0.05234375
0 0.65546875 0.91875 0.19375 0.07421875
1 0.2046875 0.02109375 0.034375 0.0421875
1 0.225 0.02109375 0.03046875 0.040625
1 0.99296875 0.16171875 0.0140625 0.053125
1 0.98515625 0.165625 0.02734375 0.06328125
0 0.25234375 0.8234375 0.08671875 0.05703125
0 0.5875 0.909375 0.07578125 0.053125
1 0.93515625 0.9671875 0.03359375 0.06328125
1 0.084375 0.79375 0.03125 0.065625
1 0.12734375 0.80390625 0.03125 0.0609375
2 0.9796875 0.23515625 0.040625 0.0359375
2 0.8453125 0.2140625 0.0546875 0.0578125
2 0.78828125 0.2125 0.0546875 0.065625
2 0.7328125 0.19453125 0.0484375 0.059375
2 0.68125 0.18125 0.05703125 0.040625
2 0.62421875 0.18125 0.0484375 0.0515625
2 0.5734375 0.17265625 0.0515625 0.0734375
2 0.41875 0.14140625 0.04765625 0.06328125
2 0.378125 0.13203125 0.04453125 0.06328125
2 0.3328125 0.125 0.0421875 0.0609375
2 0.28828125 0.11484375 0.0359375 0.040625
2 0.24375 0.10546875 0.034375 0.04140625
2 0.19765625 0.09296875 0.05 0.06796875