0 0.8140625 0.90546875 0.22578125 0.06015625
0 0.43828125 0.83515625 0.21328125 0.06484375
1 0.10078125 0.80390625 0.1203125 0.12890625
1 0.16640625 0.81875 0.096875 0.11015625
0 0.21484375 0.834375 0.09609375 0.1046875
2 0.4453125 0.7625 0.0453125 0.04453125
2 0.3359375 0.81953125 0.0140625 0.04453125
0 0.73984375 0.896875 0.0984375 0.05234375
2 0.05703125 0.81953125 0.0359375 0.046875
2 0.3171875 0.19765625 0.0640625 0.05546875
2 0.37734375 0.21484375 0.0546875 0.05
2 0.41875 0.22890625 0.040625 0.05625
2 0.56796875 0.2453125 0.05625 0.0625
2 0.5140625 0.23671875 0.0515625 0.071875
2 0.46953125 0.23359375 0.04453125 0.07265625
2 0.73828125 0.25703125 0.05859375 0.06484375
2 0.79921875 0.2671875 0.05390625 0.0671875
2 0.85390625 0.2734375 0.0546875 0.06875
2 0.91171875 0.2921875 0.05703125 0.0625
2 0.97265625 0.30703125 0.05390625 0.0703125
2 0.21640625 0.7609375 0.0484375 0.02890625
2 0.06484375 0.74453125 0.05546875 0.06171875
2 0.11953125 0.7515625 0.05390625 0.053125
2 0.17421875 0.76171875 0.0515625 0.05234375
2 0.8203125 0.83828125 0.0640625 0.053125