1 0.0546875 0.34375 0.10625 0.6859375
1 0.1140625 0.26796875 0.07265625 0.33671875
1 0.14453125 0.80390625 0.09140625 0.3671875
1 0.0671875 0.1109375 0.08203125 0.221875
1 0.21484375 0.86875 0.0734375 0.2625
1 0.096875 0.690625 0.09375 0.434375
1 0.1578125 0.44140625 0.08203125 0.49921875
2 0.17265625 0.28828125 0.03125 0.1640625
2 0.24765625 0.71953125 0.02109375 0.13203125
1 0.9390625 0.50859375 0.0921875 0.34921875
1 0.0484375 0.27265625 0.08515625 0.1515625
2 0.8671875 0.96796875 0.071875 0.06328125