2 0.540625 0.8859375 0.06171875 0.04375
1 0.5375 0.7640625 0.0453125 0.13046875
2 0.61796875 0.8796875 0.0609375 0.0421875
2 0.309375 0.8984375 0.06328125 0.04375
2 0.85625 0.8671875 0.06640625 0.04375
2 0.77421875 0.86953125 0.06484375 0.04296875
2 0.9421875 0.85625 0.06796875 0.04375
2 0.17734375 0.91328125 0.0671875 0.04453125
2 0.23984375 0.90546875 0.0640625 0.0453125
2 0.0453125 0.9140625 0.0671875 0.0453125
2 0.11171875 0.91171875 0.06640625 0.0453125
2 0.6953125 0.87109375 0.0578125 0.04140625
1 0.75 0.7296875 0.06484375 0.090625
1 0.24375 0.7828125 0.09140625 0.1296875
1 0.90234375 0.7203125 0.08046875 0.09375
1 0.825 0.7265625 0.07109375 0.090625
1 0.96796875 0.77578125 0.06328125 0.11015625
1 0.8015625 0.79375 0.071875 0.1078125
1 0.67109375 0.71796875 0.03515625 0.0578125
1 0.1515625 0.7609375 0.0703125 0.07734375
1 0.203125 0.76640625 0.07890625 0.09453125
1 0.60234375 0.71953125 0.0375 0.053125
1 0.0296875 0.82890625 0.05859375 0.1140625
1 0.8921875 0.790625 0.0859375 0.10703125
1 0.33515625 0.740625 0.0390625 0.05546875