2 0.6078125 0.509375 0.0671875 0.07421875
2 0.5265625 0.52421875 0.07578125 0.07890625
2 0.928125 0.484375 0.09453125 0.07421875
2 0.84375 0.4890625 0.090625 0.090625
2 0.17109375 0.0453125 0.0671875 0.08984375
2 0.21015625 0.13203125 0.065625 0.0921875
2 0.2265625 0.2265625 0.053125 0.0765625
2 0.2765625 0.28984375 0.034375 0.11875
2 0.29140625 0.36171875 0.04765625 0.08125
2 0.315625 0.415625 0.0453125 0.09765625
2 0.33828125 0.484375 0.04375 0.09453125
1 0.03828125 0.16015625 0.04765625 0.3203125
1 0.11015625 0.228125 0.12734375 0.30546875
1 0.15859375 0.31796875 0.11953125 0.23125
1 0.19609375 0.42734375 0.10703125 0.2203125
1 0.525 0.5640625 0.06875 0.33828125
1 0.6 0.575 0.0640625 0.3609375
1 0.9171875 0.5046875 0.1203125 0.36484375
1 0.8265625 0.53515625 0.140625 0.40390625