2 0.1796875 0.16171875 0.14140625 0.090625
2 0.6578125 0.15078125 0.12578125 0.12421875
2 0.05703125 0.61640625 0.04765625 0.084375
2 0.22109375 0.6203125 0.0453125 0.10390625
2 0.2703125 0.609375 0.04296875 0.08515625
2 0.36875 0.60546875 0.05234375 0.08828125
2 0.425 0.61953125 0.05078125 0.12109375
2 0.47734375 0.6109375 0.0546875 0.103125
2 0.321875 0.6265625 0.05625 0.0640625
1 0.07109375 0.6546875 0.0921875 0.34296875
1 0.2203125 0.6546875 0.08515625 0.35
1 0.27421875 0.6578125 0.05390625 0.35234375
1 0.31953125 0.7515625 0.0421875 0.19609375
1 0.36328125 0.65390625 0.0609375 0.36328125
1 0.41640625 0.6390625 0.0328125 0.375
1 0.46484375 0.6328125 0.03359375 0.3515625