1 0.93046875 0.56796875 0.0953125 0.29921875
1 0.865625 0.5796875 0.08671875 0.29375
1 0.80078125 0.58671875 0.07890625 0.29140625
1 0.6671875 0.6046875 0.0640625 0.28984375
1 0.496875 0.62578125 0.04609375 0.284375
2 0.671875 0.56171875 0.0484375 0.0578125
1 0.43515625 0.63203125 0.046875 0.2796875
1 0.73125 0.59375 0.06953125 0.28671875
2 0.9390625 0.52421875 0.05390625 0.05859375
2 0.87421875 0.53515625 0.053125 0.059375
2 0.73984375 0.54921875 0.04765625 0.05625
1 0.153125 0.35390625 0.0625 0.3203125
2 0.8078125 0.54296875 0.05078125 0.059375
1 0.90390625 0.4796875 0.04765625 0.1203125
1 0.840625 0.49140625 0.04609375 0.11875
1 0.7796875 0.4953125 0.04296875 0.11171875
1 0.65390625 0.50625 0.0390625 0.10390625
2 0.43515625 0.59296875 0.04765625 0.05625
2 0.49453125 0.58515625 0.046875 0.05546875
2 0.271875 0.53828125 0.021875 0.1140625
1 0.434375 0.5375 0.03203125 0.09453125
1 0.490625 0.52734375 0.03359375 0.08828125
1 0.1890625 0.4390625 0.0578125 0.4703125
2 0.1984375 0.2453125 0.0234375 0.09140625
2 0.21640625 0.3171875 0.0234375 0.11015625
1 0.46015625 0.1984375 0.05 0.14140625
2 0.246875 0.43203125 0.021875 0.1015625
1 0.12734375 0.35 0.04140625 0.16015625
1 0.5484375 0.18046875 0.0484375 0.13984375
1 0.16796875 0.23359375 0.03359375 0.0984375