2 0.12421875 0.66015625 0.06328125 0.11015625
2 0.20390625 0.65703125 0.06328125 0.11171875
2 0.2796875 0.6515625 0.06171875 0.1078125
1 0.06796875 0.71875 0.096875 0.5453125
1 0.21953125 0.7109375 0.0734375 0.546875
2 0.04296875 0.66015625 0.06015625 0.10546875
1 0.146875 0.71484375 0.08203125 0.5484375
2 0.3578125 0.65 0.0625 0.11796875
1 0.29375 0.70546875 0.065625 0.55390625
1 0.3671875 0.7046875 0.05546875 0.5515625
2 0.95390625 0.62109375 0.06953125 0.11640625
2 0.88203125 0.6234375 0.0609375 0.10703125
1 0.93125 0.68515625 0.1015625 0.5734375
2 0.66875 0.63515625 0.05703125 0.11171875
1 0.59296875 0.69609375 0.05 0.55390625
1 0.865625 0.6875 0.09296875 0.56484375
2 0.59453125 0.63515625 0.05625 0.103125
1 0.025 0.66796875 0.05 0.434375
2 0.80859375 0.6265625 0.06328125 0.1140625
1 0.72734375 0.684375 0.07265625 0.56953125
1 0.66484375 0.69609375 0.05390625 0.56328125
2 0.7359375 0.6296875 0.0578125 0.1125
1 0.23671875 0.54375 0.04375 0.21953125
1 0.37578125 0.528125 0.0359375 0.2078125
1 0.30625 0.53515625 0.040625 0.2140625
1 0.165625 0.5484375 0.04765625 0.21640625
1 0.0921875 0.55234375 0.05078125 0.21875
1 0.79921875 0.69296875 0.0703125 0.55390625
1 0.8421875 0.51171875 0.0515625 0.23359375
1 0.6546875 0.52265625 0.03984375 0.2375
1 0.715625 0.51484375 0.04453125 0.225