2 0.04453125 0.45703125 0.03515625 0.03359375
2 0.15078125 0.5375 0.034375 0.0328125
2 0.078125 0.4796875 0.03359375 0.0328125
2 0.31796875 0.62578125 0.03515625 0.03359375
1 0.490625 0.10703125 0.03203125 0.06171875
2 0.115625 0.50703125 0.034375 0.03125
1 0.45546875 0.0796875 0.0328125 0.0625
1 0.42109375 0.059375 0.03359375 0.06640625
1 0.61171875 0.19609375 0.028125 0.0546875
1 0.73359375 0.28671875 0.0328125 0.0578125
1 0.69375 0.25390625 0.03125 0.05546875
1 0.77578125 0.32265625 0.0359375 0.0609375
2 0.58515625 0.84140625 0.0328125 0.03671875
1 0.8203125 0.3515625 0.0390625 0.06171875
1 0.653125 0.225 0.028125 0.05078125
1 0.98359375 0.46953125 0.03203125 0.0609375
1 0.38359375 0.0265625 0.03828125 0.0515625
0 0.57265625 0.90390625 0.16640625 0.1453125
1 0.3515625 0.01875 0.0328125 0.03515625
0 0.30390625 0.6859375 0.17421875 0.15546875
1 0.95 0.440625 0.0328125 0.0640625
1 0.9265625 0.4296875 0.02734375 0.053125
1 0.05859375 0.51953125 0.03125 0.06328125
2 0.30234375 0.03828125 0.03125 0.0296875
1 0.16015625 0.58828125 0.0265625 0.04921875
2 0.3375 0.06484375 0.03359375 0.03125
1 0.12578125 0.56015625 0.0265625 0.0515625
2 0.37109375 0.08984375 0.03125 0.02734375
2 0.97109375 0.5328125 0.03515625 0.03359375
0 0.52421875 0.87421875 0.06484375 0.06875
2 0.92890625 0.5015625 0.0328125 0.03203125
2 0.08828125 0.5328125 0.03359375 0.0609375
2 0.765625 0.38515625 0.03203125 0.03046875
2 0.721875 0.35 0.03046875 0.03046875
2 0.68046875 0.315625 0.0296875 0.028125
2 0.75 0.98359375 0.03359375 0.0328125
1 0.31328125 0.01953125 0.02421875 0.0375
2 0.596875 0.2609375 0.03046875 0.03359375
1 0.01953125 0.53046875 0.0390625 0.0515625
2 0.47890625 0.16953125 0.03203125 0.06640625
2 0.64140625 0.2921875 0.040625 0.07265625
2 0.40625 0.12421875 0.0375 0.059375
2 0.4421875 0.140625 0.0375 0.084375
2 0.81328125 0.4203125 0.0375 0.07265625