2 0.7390625 0.5515625 0.0484375 0.05625
2 0.94140625 0.52421875 0.05234375 0.0578125
2 0.87421875 0.53515625 0.0515625 0.05703125
2 0.80859375 0.54296875 0.05 0.05859375
2 0.6734375 0.56171875 0.04921875 0.0578125
1 0.92890625 0.56953125 0.0953125 0.29609375
1 0.86484375 0.58046875 0.08515625 0.29140625
1 0.8 0.5875 0.0796875 0.28984375
1 0.4984375 0.628125 0.04453125 0.2859375
2 0.43515625 0.59296875 0.04609375 0.05390625
2 0.49453125 0.5875 0.04609375 0.05546875
1 0.6703125 0.60703125 0.05859375 0.28984375
1 0.43515625 0.634375 0.0453125 0.28125
1 0.73046875 0.5953125 0.06796875 0.28984375
2 0.27109375 0.5390625 0.02109375 0.1125
1 0.14921875 0.3484375 0.07890625 0.3109375
2 0.1984375 0.2453125 0.02265625 0.0890625
2 0.24765625 0.43671875 0.02265625 0.1109375
2 0.21875 0.31640625 0.0234375 0.0953125
2 0.4578125 0.16328125 0.0625 0.0640625
1 0.7171875 0.5046875 0.03828125 0.115625
2 0.53828125 0.14765625 0.06484375 0.0640625
1 0.9046875 0.484375 0.046875 0.1265625
1 0.8421875 0.4953125 0.04453125 0.12578125
1 0.78046875 0.4984375 0.0421875 0.1171875
1 0.21953125 0.546875 0.04453125 0.3046875
2 0.9921875 0.51171875 0.015625 0.05078125
1 0.43359375 0.53515625 0.0296875 0.090625
1 0.18515625 0.42109375 0.03984375 0.42890625
2 0.22890625 0.37578125 0.01953125 0.071875