2 0.728125 0.6375 0.08515625 0.12265625
2 0.11171875 0.71796875 0.07734375 0.115625
2 0.95703125 0.60546875 0.08515625 0.13046875
2 0.84296875 0.621875 0.09453125 0.134375
2 0.50078125 0.6640625 0.0796875 0.12578125
2 0.390625 0.68203125 0.0828125 0.1234375
1 0.8390625 0.69453125 0.12578125 0.5921875
1 0.9390625 0.69296875 0.121875 0.6140625
2 0.02734375 0.72734375 0.0546875 0.11171875
1 0.72890625 0.7078125 0.0921875 0.578125
2 0.6125 0.65234375 0.0796875 0.12734375
1 0.51171875 0.72265625 0.06640625 0.55390625
1 0.403125 0.73046875 0.07890625 0.53828125
1 0.628125 0.71640625 0.07109375 0.5671875
1 0.0625 0.75625 0.1171875 0.48671875
1 0.809375 0.50546875 0.06015625 0.22578125
1 0.71171875 0.5265625 0.05078125 0.225
1 0.146875 0.74921875 0.10546875 0.4921875
1 0.9125 0.50625 0.071875 0.25546875
1 0.41796875 0.5765625 0.04609375 0.246875
1 0.0875 0.628125 0.06484375 0.22890625
1 0.17109375 0.61796875 0.0609375 0.23671875
1 0.515625 0.553125 0.03515625 0.18125