2 0.11796875 0.4015625 0.07109375 0.09375
1 0.30390625 0.596875 0.078125 0.4015625
2 0.61171875 0.72734375 0.03125 0.0703125
2 0.56953125 0.6984375 0.03359375 0.071875
2 0.34375 0.54921875 0.04765625 0.07734375
2 0.46953125 0.63203125 0.0390625 0.07265625
2 0.4125 0.5921875 0.04453125 0.07734375
2 0.52109375 0.66875 0.03671875 0.07421875
1 0.57265625 0.7578125 0.0375 0.35625
1 0.37421875 0.6484375 0.0578125 0.39609375
1 0.48046875 0.71015625 0.0375 0.3796875
2 0.03984375 0.3375 0.04296875 0.10234375
2 0.71953125 0.80078125 0.02421875 0.065625
1 0.43125 0.68359375 0.04375 0.384375
2 0.74765625 0.81875 0.02421875 0.0640625
2 0.771875 0.834375 0.0234375 0.0625
2 0.79453125 0.85078125 0.02265625 0.0609375
2 0.83515625 0.87734375 0.01953125 0.053125
2 0.81484375 0.86171875 0.0203125 0.05546875
1 0.31796875 0.46875 0.04609375 0.153125
1 0.38359375 0.5140625 0.03828125 0.1453125
1 0.6796875 0.83046875 0.03828125 0.32109375
1 0.7515625 0.8578125 0.04140625 0.28359375
1 0.7078125 0.8421875 0.04296875 0.31328125
1 0.53046875 0.7390625 0.0296875 0.36484375
1 0.675 0.7328125 0.03046875 0.121875
2 0.9453125 0.2796875 0.0890625 0.134375