2 0.24609375 0.51171875 0.096875 0.1328125
2 0.1375 0.503125 0.10390625 0.13203125
2 0.44453125 0.525 0.0859375 0.12578125
2 0.6359375 0.540625 0.08828125 0.12578125
2 0.73359375 0.55078125 0.0859375 0.1203125
1 0.1453125 0.56953125 0.1171875 0.63046875
2 0.534375 0.5390625 0.08515625 0.1296875
2 0.35234375 0.5265625 0.09296875 0.1359375
1 0.3515625 0.57890625 0.0890625 0.6109375
1 0.24921875 0.5734375 0.10234375 0.61875
1 0.7234375 0.60625 0.10703125 0.575
1 0.53203125 0.59296875 0.08046875 0.5984375
1 0.61953125 0.60234375 0.065625 0.5953125
1 0.44921875 0.58671875 0.08203125 0.603125