2 0.540625 0.88984375 0.06875 0.05703125
2 0.85625 0.8671875 0.0671875 0.04296875
2 0.69609375 0.87109375 0.06015625 0.04140625
2 0.17578125 0.9140625 0.06484375 0.04453125
2 0.309375 0.89921875 0.06328125 0.04375
2 0.940625 0.85703125 0.0671875 0.04296875
2 0.23984375 0.90546875 0.06328125 0.0453125
2 0.77421875 0.86875 0.0640625 0.04140625
2 0.11015625 0.9109375 0.065625 0.0453125
2 0.0453125 0.9140625 0.06640625 0.04609375
2 0.0078125 0.91328125 0.01484375 0.03671875
1 0.5375 0.78125 0.04921875 0.1546875
2 0.62109375 0.884375 0.05625 0.05625
1 0.621875 0.7703125 0.0515625 0.1484375
1 0.303125 0.7859375 0.11640625 0.1421875
1 0.22578125 0.78203125 0.12265625 0.15390625
1 0.69765625 0.75859375 0.075 0.13671875