2 0.11796875 0.4015625 0.0703125 0.09375
2 0.61171875 0.7265625 0.0296875 0.0671875
2 0.3453125 0.5484375 0.04453125 0.07578125
1 0.30546875 0.603125 0.08515625 0.40390625
1 0.371875 0.640625 0.059375 0.4
2 0.03828125 0.33671875 0.0421875 0.10390625
1 0.08515625 0.459375 0.14375 0.4375
2 0.521875 0.66875 0.0375 0.0734375
1 0.48046875 0.709375 0.0375 0.38125
2 0.4703125 0.63359375 0.03984375 0.0765625
1 0.575 0.7578125 0.03671875 0.3609375
2 0.5703125 0.69765625 0.0328125 0.06875
1 0.43203125 0.68359375 0.04453125 0.3859375
2 0.4109375 0.59140625 0.04375 0.07734375
1 0.31875 0.4703125 0.0453125 0.1578125
1 0.4375 0.5515625 0.03125 0.14140625
2 0.83515625 0.87734375 0.01953125 0.05390625
2 0.72109375 0.80234375 0.0265625 0.065625