2 0.36875 0.30234375 0.1203125 0.12734375
1 0.2578125 0.38828125 0.23125 0.5671875
2 0.52734375 0.39609375 0.10078125 0.11875
2 0.9421875 0.6609375 0.06640625 0.09453125
1 0.43203125 0.4796875 0.18359375 0.5453125
1 0.546875 0.553125 0.1359375 0.51796875
2 0.86328125 0.61015625 0.06484375 0.09453125
1 0.84921875 0.70625 0.08671875 0.4734375
2 0.65390625 0.47890625 0.0859375 0.1078125
2 0.76015625 0.5515625 0.0765625 0.1015625
1 0.76328125 0.66875 0.084375 0.496875
1 0.4546875 0.29921875 0.090625 0.203125
1 0.66328125 0.62578125 0.10078125 0.4859375
1 0.30703125 0.203125 0.10703125 0.20390625
1 0.57421875 0.37421875 0.0703125 0.171875