2 0.29609375 0.5375 0.140625 0.13359375
2 0.10859375 0.53828125 0.1390625 0.13515625
2 0.48046875 0.53515625 0.1484375 0.14296875
2 0.83828125 0.52109375 0.146875 0.14140625
2 0.6578125 0.52734375 0.15078125 0.1421875
1 0.16953125 0.615625 0.2296875 0.69765625
1 0.34609375 0.6078125 0.20390625 0.6953125
1 0.5578125 0.3859375 0.09609375 0.27890625
1 0.67890625 0.59765625 0.171875 0.70078125
1 0.39375 0.38984375 0.10703125 0.27265625
1 0.71640625 0.37578125 0.0890625 0.2765625
1 0.85078125 0.59140625 0.1546875 0.703125
1 0.22421875 0.3921875 0.11875 0.2734375
1 0.50546875 0.60390625 0.1921875 0.69140625
1 0.88125 0.3703125 0.08203125 0.271875
1 0.0609375 0.4046875 0.11640625 0.27734375