2 0.29140625 0.4796875 0.14921875 0.13125
2 0.46875 0.52421875 0.1484375 0.1296875
2 0.11015625 0.43515625 0.15390625 0.134375
2 0.64375 0.56875 0.1515625 0.14140625
2 0.82109375 0.61640625 0.14921875 0.1453125
1 0.09921875 0.48984375 0.1984375 0.6625
1 0.74140625 0.44453125 0.14609375 0.27421875
1 0.90390625 0.4765625 0.13125 0.26171875
1 0.5890625 0.41171875 0.153125 0.28046875
1 0.81796875 0.68984375 0.28046875 0.61015625
1 0.44921875 0.70234375 0.23359375 0.471875
1 0.596875 0.8296875 0.178125 0.30859375
1 0.25390625 0.74609375 0.196875 0.30625