2 0.94140625 0.659375 0.0625 0.08828125
1 0.25859375 0.38828125 0.228125 0.56875
2 0.3703125 0.30078125 0.1171875 0.12421875
1 0.45234375 0.2984375 0.0953125 0.20703125
1 0.43359375 0.48125 0.18984375 0.5421875
1 0.30625 0.2 0.10546875 0.20234375
1 0.75625 0.66328125 0.08359375 0.496875
2 0.86171875 0.61015625 0.0640625 0.090625
1 0.846875 0.70546875 0.08046875 0.47578125
1 0.55390625 0.56875 0.1171875 0.4984375
1 0.66171875 0.62421875 0.096875 0.4828125
1 0.57109375 0.37265625 0.07734375 0.1703125
2 0.53046875 0.39609375 0.0953125 0.11484375
1 0.76171875 0.471875 0.06953125 0.115625
1 0.6703125 0.4265625 0.059375 0.12265625
2 0.76015625 0.55 0.07734375 0.1
2 0.65390625 0.47734375 0.08125 0.10234375