2 0.0703125 0.73984375 0.04765625 0.0203125
2 0.11796875 0.7453125 0.04765625 0.02109375
2 0.16875 0.75390625 0.0484375 0.0234375
2 0.21875 0.76484375 0.04765625 0.02265625
2 0.44453125 0.765625 0.0453125 0.02265625
0 0.4390625 0.83203125 0.2140625 0.06875
0 0.8140625 0.90078125 0.23203125 0.0765625
0 0.13046875 0.8234375 0.2609375 0.121875
2 0.815625 0.8390625 0.04609375 0.02421875
0 0.3734375 0.82734375 0.08671875 0.0453125
2 0.73515625 0.26640625 0.04453125 0.0203125
2 0.85078125 0.2796875 0.0453125 0.01953125
2 0.96953125 0.3015625 0.046875 0.02109375
2 0.5140625 0.23203125 0.04375 0.021875
2 0.07109375 0.76328125 0.0484375 0.0671875
2 0.79296875 0.27421875 0.04375 0.021875
2 0.32421875 0.2015625 0.0453125 0.0203125
2 0.37578125 0.2109375 0.0484375 0.04921875
2 0.42109375 0.22265625 0.04375 0.071875
2 0.4734375 0.23203125 0.05625 0.04375
2 0.56875 0.240625 0.0609375 0.04609375
2 0.9171875 0.29453125 0.0640625 0.06328125