2 0.37109375 0.30234375 0.11796875 0.12734375
2 0.9421875 0.66171875 0.0671875 0.09609375
2 0.53203125 0.396875 0.09296875 0.115625
1 0.259375 0.3890625 0.23125 0.56171875
1 0.4265625 0.49375 0.171875 0.5203125
2 0.65859375 0.48359375 0.0828125 0.10390625
2 0.86328125 0.61015625 0.06328125 0.09375
1 0.54453125 0.56015625 0.11640625 0.49453125
1 0.45390625 0.30390625 0.0890625 0.2
1 0.846875 0.7078125 0.0796875 0.4734375
1 0.303125 0.21328125 0.10859375 0.203125
1 0.67109375 0.6421875 0.1046875 0.4609375
1 0.75546875 0.6640625 0.08515625 0.48671875
2 0.76171875 0.55078125 0.07421875 0.09765625
1 0.57109375 0.37890625 0.0640625 0.16328125
1 0.84296875 0.56328125 0.053125 0.15234375
1 0.7625 0.4796875 0.06953125 0.13125