2 0.92890625 0.61015625 0.0671875 0.07578125
2 0.83515625 0.59140625 0.06328125 0.07265625
2 0.60234375 0.5390625 0.059375 0.0640625
1 0.5171875 0.575 0.06953125 0.334375
2 0.525 0.52265625 0.05859375 0.0703125
1 0.596875 0.59296875 0.07265625 0.3328125
1 0.90234375 0.65859375 0.0546875 0.365625
1 0.97578125 0.60703125 0.04375 0.23046875
1 0.81484375 0.6453125 0.046875 0.36015625
2 0.290625 0.0515625 0.0375 0.103125
2 0.328125 0.3546875 0.028125 0.0828125
2 0.31328125 0.21953125 0.03125 0.1
2 0.2953125 0.1453125 0.03359375 0.1
1 0.24609375 0.43046875 0.115625 0.2609375
2 0.315625 0.2859375 0.025 0.0859375