2 0.25625 0.35546875 0.09765625 0.09453125
1 0.56484375 0.2671875 0.05859375 0.1671875
1 0.475 0.25859375 0.06171875 0.1734375
2 0.14453125 0.35078125 0.103125 0.09921875
1 0.17890625 0.24375 0.0671875 0.1875
1 0.2828125 0.2484375 0.06875 0.18203125
1 0.66875 0.27265625 0.0578125 0.1671875
1 0.3859375 0.25859375 0.0609375 0.1734375
2 0.778125 0.39921875 0.090625 0.0921875
1 0.15546875 0.4046875 0.10546875 0.48984375
1 0.765625 0.28671875 0.0515625 0.16640625
1 0.46328125 0.42421875 0.084375 0.484375
2 0.365625 0.36640625 0.09296875 0.08984375
1 0.36953125 0.41953125 0.0921875 0.48046875
1 0.2640625 0.4125 0.10703125 0.49375
2 0.4625 0.37265625 0.09453125 0.09765625
2 0.671875 0.3875 0.0953125 0.0953125
2 0.56171875 0.38359375 0.09453125 0.09609375
1 0.67109375 0.43828125 0.08984375 0.48046875
1 0.76640625 0.4484375 0.0640625 0.47421875
1 0.56171875 0.43359375 0.08984375 0.4796875
2 0.01484375 0.10625 0.02890625 0.134375
2 0.97890625 0.27734375 0.040625 0.1796875