1 0.878125 0.67109375 0.1265625 0.54921875
2 0.69609375 0.615625 0.06953125 0.10625
1 0.78515625 0.68359375 0.103125 0.54140625
2 0.8921875 0.590625 0.08203125 0.11875
2 0.16796875 0.6859375 0.0640625 0.10078125
2 0.090625 0.69609375 0.0671875 0.1
1 0.696875 0.6953125 0.07890625 0.53828125
2 0.7890625 0.6 0.07421875 0.10546875
1 0.596875 0.70703125 0.06640625 0.53125
1 0.4140625 0.725 0.0765625 0.52265625
1 0.76015625 0.5 0.05390625 0.1921875
2 0.4984375 0.6390625 0.065625 0.1078125
1 0.67890625 0.51015625 0.04375 0.1796875
1 0.85 0.49921875 0.059375 0.215625
1 0.11796875 0.7546875 0.12109375 0.4890625
2 0.40859375 0.6546875 0.07421875 0.11171875
1 0.19375 0.75 0.10390625 0.49765625
1 0.596875 0.53671875 0.03828125 0.2015625
1 0.4296875 0.5625 0.03828125 0.2078125
1 0.2203125 0.6 0.05234375 0.203125
1 0.50234375 0.71640625 0.0609375 0.525
2 0.596875 0.628125 0.06796875 0.1078125