2 0.87578125 0.5359375 0.05390625 0.06171875
2 0.7390625 0.553125 0.05 0.06015625
2 0.9421875 0.525 0.05390625 0.05859375
2 0.80859375 0.54296875 0.05078125 0.05859375
2 0.6703125 0.5609375 0.04765625 0.05546875
1 0.93046875 0.56953125 0.096875 0.296875
1 0.865625 0.58046875 0.08828125 0.29296875
1 0.8 0.58828125 0.07890625 0.28984375
1 0.49609375 0.62734375 0.0453125 0.28515625
1 0.4359375 0.63515625 0.0453125 0.28046875
1 0.73046875 0.5953125 0.06796875 0.29296875
2 0.4359375 0.59375 0.04765625 0.0546875
1 0.66875 0.6078125 0.05703125 0.28828125
2 0.49453125 0.5875 0.046875 0.05625
2 0.45703125 0.16171875 0.0609375 0.0625
2 0.27109375 0.53671875 0.021875 0.11171875
2 0.24765625 0.43828125 0.02421875 0.115625
2 0.1984375 0.2453125 0.02265625 0.08828125
1 0.15078125 0.37578125 0.08125 0.36328125
2 0.615625 0.13203125 0.06328125 0.06328125
2 0.98984375 0.515625 0.01953125 0.053125
2 0.221875 0.33828125 0.02890625 0.13359375
1 0.84140625 0.49375 0.04609375 0.12265625
1 0.90390625 0.4828125 0.046875 0.1234375
1 0.71796875 0.50390625 0.03984375 0.11484375
2 0.5390625 0.1484375 0.06484375 0.0625
1 0.78046875 0.49765625 0.04140625 0.1140625
1 0.21640625 0.5640625 0.03671875 0.271875
1 0.65234375 0.509375 0.03671875 0.10703125
1 0.540625 0.2515625 0.0703125 0.28125
1 0.48984375 0.5296875 0.03203125 0.09296875
1 0.43359375 0.53828125 0.03046875 0.09296875
2 0.965625 0.06328125 0.065625 0.05859375
1 0.16796875 0.2328125 0.03359375 0.0953125