2 0.478125 0.63203125 0.06953125 0.10078125
1 0.3875 0.68203125 0.1296875 0.50390625
2 0.0734375 0.5125 0.07109375 0.08984375
2 0.66328125 0.69453125 0.06796875 0.11015625
2 0.86640625 0.75234375 0.0796875 0.11796875
1 0.55703125 0.7328125 0.0984375 0.51953125
2 0.7640625 0.72265625 0.07578125 0.11484375
2 0.1515625 0.5375 0.06640625 0.08984375
2 0.3859375 0.60859375 0.07265625 0.103125
1 0.6578125 0.75 0.078125 0.5
1 0.096875 0.5953125 0.18984375 0.43828125
2 0.575 0.659375 0.06484375 0.09296875
1 0.50703125 0.55 0.0546875 0.203125
1 0.4234375 0.52734375 0.0609375 0.196875
1 0.671875 0.59296875 0.0453125 0.1828125
1 0.478125 0.71171875 0.11171875 0.51953125
1 0.840625 0.65 0.0390625 0.215625
1 0.21640625 0.47890625 0.07890625 0.20390625
1 0.7546875 0.62578125 0.05 0.2203125
1 0.7390625 0.90625 0.046875 0.18671875
1 0.83671875 0.92265625 0.04296875 0.15234375
1 0.0546875 0.70859375 0.103125 0.203125