2 0.14609375 0.25234375 0.0703125 0.10390625
1 0.3578125 0.590625 0.1203125 0.41640625
1 0.29296875 0.5234375 0.14765625 0.3984375
1 0.44765625 0.690625 0.09609375 0.3875
1 0.49140625 0.7390625 0.084375 0.3703125
1 0.096875 0.29765625 0.1875 0.40625
2 0.340625 0.4859375 0.04921875 0.08984375
2 0.078125 0.1546875 0.04609375 0.10625
2 0.57109375 0.76328125 0.02890625 0.06796875
2 0.6609375 0.87734375 0.021875 0.06171875
2 0.68515625 0.90546875 0.02109375 0.06328125
1 0.434375 0.5265625 0.0453125 0.13984375
1 0.5109375 0.61953125 0.03828125 0.12578125
1 0.54609375 0.66328125 0.0359375 0.11875
2 0.7078125 0.92890625 0.02109375 0.06328125
1 0.621875 0.86484375 0.046875 0.2703125
2 0.725 0.94765625 0.0171875 0.05
2 0.96953125 0.4703125 0.06015625 0.1421875
2 0.4515625 0.61953125 0.040625 0.096875
2 0.4046875 0.55 0.053125 0.1375
2 0.4984375 0.6796875 0.0421875 0.11484375
2 0.5375 0.721875 0.0375 0.09296875