2 0.2953125 0.5390625 0.140625 0.1359375
2 0.47734375 0.534375 0.13984375 0.13671875
2 0.65703125 0.52890625 0.1484375 0.14375
2 0.83984375 0.52421875 0.1484375 0.1453125
2 0.1078125 0.5421875 0.140625 0.1375
1 0.1703125 0.6140625 0.225 0.6953125
1 0.3484375 0.609375 0.19921875 0.69296875
1 0.51640625 0.60546875 0.1828125 0.69296875
1 0.684375 0.59765625 0.165625 0.6953125
1 0.85078125 0.5921875 0.1515625 0.69921875
1 0.0609375 0.51484375 0.121875 0.49140625
1 0.71875 0.37578125 0.09296875 0.27578125
1 0.559375 0.3859375 0.0984375 0.278125
1 0.3953125 0.38671875 0.11015625 0.2703125
1 0.225 0.39296875 0.1171875 0.275
1 0.8828125 0.36484375 0.08046875 0.26328125