2 0.20390625 0.65703125 0.06484375 0.1125
2 0.2796875 0.6515625 0.06328125 0.11015625
2 0.125 0.659375 0.06328125 0.11171875
2 0.3578125 0.64921875 0.06328125 0.1171875
2 0.04375 0.66015625 0.0609375 0.10546875
1 0.21875 0.7125 0.0765625 0.546875
1 0.06875 0.7203125 0.09765625 0.5484375
1 0.29140625 0.7078125 0.06640625 0.55
1 0.365625 0.70625 0.059375 0.55
1 0.146875 0.715625 0.08203125 0.546875
2 0.95234375 0.61953125 0.07109375 0.11328125
1 0.93046875 0.68671875 0.1015625 0.575
2 0.88203125 0.62421875 0.06484375 0.1109375
2 0.66875 0.634375 0.059375 0.1140625
1 0.5953125 0.69609375 0.0515625 0.55390625
1 0.865625 0.68828125 0.09609375 0.56953125
2 0.80859375 0.6265625 0.0640625 0.11484375
2 0.7375 0.62734375 0.0609375 0.11171875
1 0.66640625 0.69375 0.06015625 0.565625
1 0.728125 0.684375 0.07265625 0.56875
1 0.8 0.69140625 0.07265625 0.55703125
2 0.59453125 0.63828125 0.06015625 0.1171875
1 0.2359375 0.5453125 0.04375 0.2234375
1 0.02421875 0.63828125 0.0484375 0.3828125
1 0.16484375 0.54765625 0.04765625 0.21875
1 0.3765625 0.53203125 0.0375 0.21640625
1 0.0921875 0.5515625 0.0515625 0.21875
1 0.65390625 0.5125 0.04140625 0.21953125
1 0.8421875 0.51328125 0.053125 0.2390625
1 0.715625 0.50625 0.0453125 0.21640625