2 0.89375 0.5890625 0.08046875 0.1125
2 0.7890625 0.60078125 0.075 0.10546875
1 0.878125 0.6703125 0.125 0.546875
1 0.7828125 0.68203125 0.096875 0.53984375
2 0.69140625 0.61484375 0.06875 0.10078125
2 0.59453125 0.6265625 0.06640625 0.103125
1 0.68515625 0.69765625 0.06953125 0.5390625
2 0.16875 0.68515625 0.0625 0.0984375
2 0.090625 0.696875 0.06640625 0.0984375
1 0.5953125 0.71171875 0.06171875 0.52421875
2 0.50078125 0.6375 0.0625 0.09921875
1 0.1171875 0.75625 0.1140625 0.4875
1 0.19453125 0.75 0.1 0.49921875
2 0.40703125 0.653125 0.0703125 0.10703125
1 0.41875 0.72734375 0.05625 0.52421875
1 0.7609375 0.50390625 0.053125 0.20078125
1 0.85 0.50078125 0.059375 0.21796875
1 0.67890625 0.5125 0.0421875 0.1875
1 0.15 0.60859375 0.05625 0.196875
1 0.22109375 0.5984375 0.0515625 0.20234375
1 0.4296875 0.5640625 0.03828125 0.20625
1 0.5109375 0.71640625 0.04765625 0.528125
1 0.5125 0.54375 0.03359375 0.18046875
2 0.43125 0.48359375 0.040625 0.0421875