2 0.6953125 0.08671875 0.15234375 0.1734375
2 0.10859375 0.10390625 0.12421875 0.078125
2 0.165625 0.63671875 0.06328125 0.09296875
2 0.23671875 0.640625 0.0453125 0.10625
2 0.29140625 0.6453125 0.06953125 0.09140625
2 0.34921875 0.64609375 0.053125 0.14453125
2 0.4 0.6328125 0.07265625 0.103125
2 0.47578125 0.63359375 0.0875 0.08828125
1 0.18046875 0.66640625 0.0859375 0.41328125
1 0.23828125 0.67421875 0.06875 0.41171875
1 0.33828125 0.6875 0.0578125 0.43828125
1 0.40546875 0.66953125 0.034375 0.4171875
1 0.46171875 0.66875 0.03046875 0.41484375
1 0.28515625 0.8046875 0.0453125 0.21640625