1 0.4015625 0.1171875 0.03359375 0.0578125
1 0.440625 0.125 0.0328125 0.05859375
2 0.1671875 0.71328125 0.03515625 0.025
2 0.05390625 0.68828125 0.0359375 0.02265625
2 0.12890625 0.7015625 0.0359375 0.02265625
2 0.88828125 0.8578125 0.0359375 0.02578125
2 0.33984375 0.7140625 0.034375 0.025
2 0.090625 0.69296875 0.0359375 0.0234375
1 0.36484375 0.1125 0.03515625 0.05859375
2 0.846875 0.85 0.034375 0.02734375
1 0.65390625 0.16484375 0.03046875 0.0578125
1 0.6984375 0.1765625 0.03203125 0.05859375
2 0.80546875 0.84453125 0.034375 0.025
1 0.7421875 0.1875 0.0359375 0.0578125
1 0.56796875 0.14921875 0.02734375 0.05234375
1 0.32734375 0.10078125 0.03359375 0.05625
2 0.62734375 0.78671875 0.03359375 0.02421875
1 0.25390625 0.08359375 0.034375 0.05078125
1 0.290625 0.09296875 0.0328125 0.05390625
1 0.78984375 0.19296875 0.0390625 0.05546875
1 0.9671875 0.2234375 0.0390625 0.05078125
1 0.9 0.21328125 0.0234375 0.0484375
0 0.3421875 0.7890625 0.17265625 0.06015625
1 0.94375 0.221875 0.02734375 0.0515625
1 0.928125 0.21953125 0.03046875 0.05703125
1 0.09140625 0.7203125 0.0375 0.08046875
0 0.6265625 0.85546875 0.165625 0.06171875
2 0.69921875 0.24453125 0.040625 0.05078125
1 0.78984375 0.87890625 0.02421875 0.04921875
1 0.61171875 0.18046875 0.03125 0.09765625
2 0.74609375 0.25078125 0.04765625 0.04609375
2 0.91328125 0.28671875 0.0484375 0.04375
1 0.86875 0.89453125 0.0265625 0.05078125
2 0.7921875 0.2625 0.0359375 0.05703125
2 0.959375 0.2921875 0.03984375 0.05625
1 0.12265625 0.76484375 0.05625 0.04921875
2 0.2453125 0.153125 0.046875 0.05390625
2 0.2875 0.17109375 0.04140625 0.06328125
2 0.32265625 0.1703125 0.03203125 0.06875
2 0.3609375 0.18359375 0.0390625 0.05234375
2 0.39609375 0.1875 0.0296875 0.06796875
2 0.4359375 0.19453125 0.04296875 0.059375
2 0.5609375 0.21953125 0.04921875 0.053125
2 0.61171875 0.23203125 0.0421875 0.0515625
2 0.65625 0.23984375 0.03671875 0.05390625