2 0.85625 0.6703125 0.05078125 0.0609375
2 0.78984375 0.653125 0.04921875 0.059375
2 0.65390625 0.62109375 0.0484375 0.05625
2 0.7203125 0.6375 0.04765625 0.06015625
2 0.921875 0.684375 0.0515625 0.06171875
1 0.41484375 0.6078125 0.06484375 0.271875
1 0.47421875 0.6203125 0.0609375 0.2796875
1 0.6421875 0.66015625 0.04453125 0.2875
2 0.47890625 0.5796875 0.04609375 0.0515625
1 0.90078125 0.725 0.04453125 0.31015625
2 0.975 0.69375 0.02109375 0.0484375
2 0.4203125 0.56796875 0.04765625 0.05625
1 0.1859375 0.2453125 0.09375 0.3421875
1 0.8375 0.7109375 0.03984375 0.30625
1 0.71015625 0.6765625 0.0390625 0.2953125
2 0.2671875 0.35078125 0.021875 0.1203125
2 0.2546875 0.14453125 0.02265625 0.08984375
2 0.2703125 0.4515625 0.021875 0.1109375
1 0.7734375 0.6921875 0.03671875 0.2984375
2 0.51953125 0.15859375 0.0609375 0.0640625
2 0.6828125 0.18515625 0.0609375 0.065625
1 0.89453125 0.62890625 0.034375 0.12734375
1 0.64765625 0.56015625 0.03203125 0.09765625