2 0.47734375 0.534375 0.14453125 0.14140625
2 0.2953125 0.5390625 0.14453125 0.14140625
2 0.65546875 0.528125 0.146875 0.14375
2 0.1078125 0.5421875 0.14609375 0.1421875
2 0.8390625 0.52421875 0.14765625 0.1453125
1 0.16875 0.61484375 0.2296875 0.696875
1 0.34375 0.6109375 0.2015625 0.69609375
1 0.6828125 0.59921875 0.1640625 0.7015625
1 0.5046875 0.6046875 0.18828125 0.69296875
1 0.8578125 0.59453125 0.13984375 0.70703125
1 0.0609375 0.5140625 0.121875 0.49140625
1 0.3921875 0.38828125 0.11171875 0.27109375
1 0.2234375 0.39296875 0.12109375 0.271875
1 0.55546875 0.3890625 0.10390625 0.2828125
1 0.71640625 0.38046875 0.09609375 0.284375
1 0.88203125 0.3703125 0.084375 0.27421875