2 0.25859375 0.54453125 0.1703125 0.16328125
2 0.0609375 0.5453125 0.121875 0.159375
2 0.4765625 0.5390625 0.1703125 0.1625
2 0.896875 0.52421875 0.17109375 0.16171875
2 0.684375 0.5328125 0.17265625 0.16875
1 0.31875 0.61015625 0.23515625 0.778125
1 0.12109375 0.6125 0.23984375 0.775
1 0.51640625 0.60703125 0.2171875 0.78359375
1 0.70234375 0.60234375 0.20390625 0.7921875
1 0.915625 0.596875 0.16484375 0.80625
1 0.3734375 0.36796875 0.13125 0.31875
1 0.753125 0.36015625 0.1109375 0.334375
1 0.56484375 0.36796875 0.1203125 0.33125
1 0.17265625 0.37265625 0.1375 0.31796875
1 0.9484375 0.34921875 0.0984375 0.32890625