2 0.05390625 0.68828125 0.03671875 0.02265625
2 0.1671875 0.7140625 0.0359375 0.02421875
1 0.4015625 0.1171875 0.03359375 0.0578125
1 0.43984375 0.125 0.03203125 0.0578125
2 0.090625 0.69296875 0.03671875 0.02265625
2 0.88828125 0.8578125 0.0359375 0.02578125
2 0.33984375 0.71484375 0.03515625 0.02578125
2 0.12890625 0.7015625 0.0359375 0.02265625
1 0.3640625 0.1125 0.034375 0.05703125
2 0.846875 0.85 0.03515625 0.02734375
1 0.65390625 0.16484375 0.0296875 0.05625
1 0.69765625 0.1765625 0.03203125 0.05703125
2 0.80546875 0.84453125 0.034375 0.025
1 0.7421875 0.18671875 0.0359375 0.05625
1 0.32734375 0.1 0.0328125 0.05546875
1 0.56796875 0.14921875 0.028125 0.053125
2 0.62734375 0.7859375 0.034375 0.025
1 0.78984375 0.19296875 0.0390625 0.05546875
1 0.25234375 0.084375 0.0328125 0.0515625
1 0.2890625 0.0921875 0.03203125 0.053125
1 0.9671875 0.22421875 0.0390625 0.05234375
0 0.6375 0.85859375 0.1515625 0.05078125
1 0.9 0.21328125 0.021875 0.04765625
0 0.33984375 0.784375 0.18203125 0.07421875
1 0.94375 0.2203125 0.02421875 0.04609375
1 0.090625 0.7234375 0.03828125 0.08671875
0 0.57265625 0.846875 0.07109375 0.04609375
2 0.33984375 0.7421875 0.03671875 0.08359375
2 0.321875 0.17734375 0.03984375 0.05390625
1 0.86875 0.89609375 0.0265625 0.05390625
2 0.2859375 0.17421875 0.0484375 0.03984375
1 0.1828125 0.75859375 0.02734375 0.053125
1 0.78984375 0.88125 0.02421875 0.05234375
1 0.07421875 0.7375 0.028125 0.05703125
2 0.396875 0.19140625 0.040625 0.04921875
2 0.35859375 0.18203125 0.03984375 0.05
1 0.89375 0.94609375 0.02890625 0.05859375
2 0.915625 0.2828125 0.0421875 0.053125
2 0.96015625 0.303125 0.0453125 0.046875
2 0.7921875 0.26484375 0.05 0.0375
2 0.74453125 0.24609375 0.03046875 0.03125
2 0.6953125 0.24921875 0.04375 0.06171875
2 0.65234375 0.234375 0.04453125 0.06796875
2 0.609375 0.228125 0.04296875 0.0515625
2 0.5609375 0.2203125 0.05 0.0515625
2 0.434375 0.19453125 0.03984375 0.0390625
2 0.24453125 0.1546875 0.04765625 0.0609375
2 0.09375 0.690625 0.040625 0.034375