2 0.315625 0.55859375 0.059375 0.0984375
2 0.39765625 0.609375 0.05390625 0.09140625
1 0.26875 0.61875 0.090625 0.4859375
2 0.05 0.384375 0.0875 0.11640625
1 0.35 0.6640625 0.06796875 0.4734375
1 0.41875 0.7078125 0.0515625 0.46484375
2 0.46484375 0.65625 0.04609375 0.0890625
1 0.47734375 0.74765625 0.0421875 0.44609375
2 0.75859375 0.8515625 0.0296875 0.075
2 0.5828125 0.73515625 0.040625 0.08515625
2 0.63203125 0.76640625 0.03671875 0.08125
1 0.53203125 0.7796875 0.0390625 0.42421875
1 0.584375 0.796875 0.0390625 0.40546875
2 0.8953125 0.94453125 0.02265625 0.0640625
2 0.790625 0.875 0.028125 0.0734375
2 0.52265625 0.69609375 0.0390625 0.08125
2 0.87109375 0.92734375 0.02421875 0.06953125
2 0.84609375 0.91328125 0.025 0.071875
2 0.81953125 0.8921875 0.0265625 0.07109375
1 0.2859375 0.4671875 0.0515625 0.1875
1 0.36171875 0.51484375 0.04140625 0.17265625
1 0.42734375 0.5609375 0.03671875 0.1703125
1 0.71015625 0.84765625 0.0453125 0.303125
2 0.3640625 0.44609375 0.0421875 0.040625
2 0.290625 0.39296875 0.04609375 0.0453125
1 0.49375 0.7171875 0.03515625 0.0703125