2 0.13984375 0.51171875 0.09296875 0.16640625
2 0.265625 0.51328125 0.096875 0.16640625
2 0.36875 0.5625 0.09140625 0.2421875
2 0.44453125 0.51953125 0.09375 0.125
2 0.53515625 0.553125 0.1078125 0.1515625
2 0.6484375 0.5578125 0.096875 0.1296875
2 0.740625 0.56171875 0.09296875 0.178125
1 0.153125 0.55703125 0.13125 0.63515625
1 0.2546875 0.59375 0.12890625 0.61953125
1 0.32421875 0.60390625 0.1359375 0.63515625
1 0.434375 0.584375 0.08984375 0.63359375
1 0.52578125 0.58515625 0.07109375 0.61953125
1 0.61875 0.59375 0.06484375 0.63359375
1 0.71640625 0.6046875 0.08203125 0.65859375