2 0.2125 0.33203125 0.11796875 0.11484375
2 0.70234375 0.36796875 0.11171875 0.1109375
2 0.34375 0.34765625 0.1140625 0.1140625
2 0.45859375 0.35 0.1125 0.11328125
2 0.57421875 0.3625 0.1125 0.11328125
2 0.078125 0.32421875 0.12109375 0.115625
2 0.82890625 0.3828125 0.109375 0.11171875
1 0.21875 0.396875 0.121875 0.58125
1 0.09609375 0.390625 0.1296875 0.5875
1 0.459375 0.4109375 0.10390625 0.5703125
1 0.3484375 0.40625 0.1125 0.5734375
1 0.70078125 0.4296875 0.0984375 0.5625
1 0.8203125 0.440625 0.09765625 0.55546875
1 0.57109375 0.4234375 0.10078125 0.5640625
1 0.365625 0.2265625 0.07421875 0.2265625
1 0.69765625 0.2453125 0.06328125 0.2171875
1 0.81171875 0.25859375 0.059375 0.209375
1 0.4703125 0.22109375 0.06640625 0.2015625
1 0.5765625 0.23671875 0.05625 0.19453125