2 0.87109375 0.50859375 0.0796875 0.09609375
2 0.6796875 0.53125 0.06953125 0.08671875
2 0.77421875 0.51796875 0.075 0.0890625
1 0.86484375 0.575 0.10234375 0.4625
1 0.77109375 0.5828125 0.08671875 0.4546875
2 0.06875 0.60703125 0.0671875 0.08515625
1 0.68046875 0.6 0.071875 0.4546875
2 0.39453125 0.56640625 0.07109375 0.08671875
2 0.15078125 0.59921875 0.06796875 0.08828125
2 0.4875 0.553125 0.06875 0.090625
1 0.49921875 0.6171875 0.06171875 0.44921875
1 0.090625 0.66328125 0.0953125 0.4328125
1 0.1703125 0.65625 0.0828125 0.43515625
1 0.39921875 0.62890625 0.07109375 0.4421875
2 0.58359375 0.54296875 0.06875 0.0890625
1 0.7515625 0.4265625 0.05078125 0.1578125
1 0.8421875 0.43046875 0.05625 0.184375
1 0.66953125 0.45859375 0.04375 0.18671875
1 0.11328125 0.5359375 0.05 0.17890625
1 0.4109375 0.49140625 0.03984375 0.1828125
1 0.5875 0.6078125 0.0640625 0.45078125
1 0.18984375 0.52890625 0.04765625 0.19140625
1 0.4984375 0.4703125 0.0359375 0.16171875