2 0.65859375 0.1328125 0.115625 0.11328125
2 0.171875 0.153125 0.121875 0.05859375
1 0.07109375 0.646875 0.08359375 0.346875
2 0.059375 0.62421875 0.07265625 0.08125
2 0.21875 0.61328125 0.05859375 0.09296875
2 0.27421875 0.6078125 0.04375 0.07890625
2 0.32265625 0.61796875 0.04375 0.0734375
2 0.46953125 0.60625 0.040625 0.08359375
2 0.42109375 0.61171875 0.059375 0.0640625
2 0.3671875 0.6171875 0.0484375 0.07890625
1 0.46640625 0.73359375 0.034375 0.1703125
1 0.45859375 0.6390625 0.0265625 0.3640625
1 0.41484375 0.515625 0.040625 0.134375
1 0.36953125 0.5109375 0.03125 0.1140625
1 0.46015625 0.5203125 0.0359375 0.1296875
1 0.234375 0.52890625 0.0515625 0.11640625
1 0.2265625 0.75078125 0.04453125 0.17578125
1 0.26953125 0.740625 0.03203125 0.18125
1 0.05703125 0.753125 0.059375 0.18046875
1 0.084375 0.5390625 0.0515625 0.1109375
1 0.36875 0.74921875 0.03828125 0.1765625
1 0.31875 0.74921875 0.05 0.184375
1 0.42265625 0.734375 0.03671875 0.16953125