2 0.81484375 0.50703125 0.06953125 0.08359375
1 0.8109375 0.56015625 0.08828125 0.38828125
2 0.13359375 0.590625 0.05703125 0.071875
2 0.73125 0.51796875 0.0640625 0.08203125
2 0.20234375 0.58359375 0.05625 0.07421875
2 0.41015625 0.55625 0.06171875 0.0765625
2 0.65 0.52734375 0.05859375 0.0765625
2 0.4890625 0.54375 0.05625 0.07265625
1 0.65625 0.5828125 0.06171875 0.3875
2 0.56953125 0.5375 0.0578125 0.078125
1 0.5734375 0.590625 0.053125 0.38359375
1 0.153125 0.6390625 0.08125 0.36875
1 0.4125 0.6109375 0.0609375 0.3765625
1 0.73125 0.57109375 0.07265625 0.3859375
1 0.22109375 0.634375 0.06875 0.371875
1 0.496875 0.59921875 0.04296875 0.38515625
1 0.7890625 0.43359375 0.046875 0.1453125
1 0.7140625 0.4359375 0.04375 0.13203125
1 0.17265625 0.52578125 0.04375 0.14765625
1 0.23515625 0.5203125 0.04140625 0.153125
1 0.42421875 0.4921875 0.03515625 0.15