0 0.86796875 0.96640625 0.26328125 0.06484375
2 0.11015625 0.79921875 0.0578125 0.02734375
2 0.16875 0.81328125 0.05703125 0.0296875
2 0.05078125 0.78828125 0.05703125 0.025
2 0.4359375 0.8140625 0.05390625 0.02890625
2 0.01171875 0.78203125 0.02265625 0.0234375
0 0.42578125 0.890625 0.25234375 0.08515625
2 0.57578125 0.19296875 0.04765625 0.02421875
0 0.10703125 0.88125 0.2140625 0.1421875
2 0.84609375 0.234375 0.05390625 0.02421875
2 0.4625 0.18046875 0.053125 0.02578125
2 0.91328125 0.2390625 0.05234375 0.025
2 0.29453125 0.1484375 0.05390625 0.025
2 0.7765625 0.22421875 0.0515625 0.02421875
2 0.87265625 0.89765625 0.05390625 0.02734375
2 0.40625 0.1671875 0.0515625 0.02421875
2 0.9765625 0.253125 0.04375 0.0234375
2 0.34921875 0.15859375 0.05390625 0.02578125
2 0.65390625 0.4921875 0.04375 0.06484375
2 0.521875 0.196875 0.05546875 0.075