2 0.1765625 0.165625 0.1375 0.06484375
2 0.64140625 0.1375 0.14609375 0.11171875
2 0.05625 0.62265625 0.05625 0.08984375
2 0.21640625 0.621875 0.0625 0.08046875
2 0.2734375 0.60546875 0.05546875 0.10703125
2 0.321875 0.621875 0.05078125 0.07734375
2 0.371875 0.6125 0.03515625 0.07265625
2 0.4234375 0.6109375 0.0625 0.08046875
2 0.47421875 0.6015625 0.03984375 0.10703125
1 0.0546875 0.64453125 0.0421875 0.32890625
1 0.209375 0.64921875 0.08828125 0.35390625
1 0.275 0.6421875 0.0640625 0.3734375
1 0.36875 0.64296875 0.04921875 0.3484375
1 0.41640625 0.63671875 0.04453125 0.37734375
1 0.46484375 0.646875 0.065625 0.37109375
1 0.315625 0.74296875 0.0328125 0.1859375