2 0.803125 0.62265625 0.0671875 0.08359375
2 0.56015625 0.559375 0.05625 0.07421875
2 0.640625 0.58046875 0.05625 0.07265625
2 0.12890625 0.45078125 0.06015625 0.06875
2 0.71953125 0.6015625 0.0609375 0.08046875
2 0.403125 0.51953125 0.0625 0.07421875
1 0.553125 0.6140625 0.08046875 0.38828125
1 0.79296875 0.67578125 0.07734375 0.39375
1 0.4015625 0.571875 0.1125 0.3671875
1 0.47421875 0.5890625 0.084375 0.37578125
1 0.70625 0.65234375 0.06875 0.39375
2 0.48046875 0.5390625 0.0578125 0.07578125
1 0.1421875 0.50234375 0.1421875 0.3390625
2 0.196875 0.46796875 0.053125 0.06171875
1 0.43046875 0.45546875 0.0515625 0.1390625
1 0.63359375 0.6375 0.071875 0.38984375
1 0.79375 0.54296875 0.040625 0.1484375
1 0.2453125 0.421875 0.06484375 0.15234375
1 0.6484375 0.503125 0.04140625 0.1234375