2 0.58671875 0.4046875 0.09296875 0.0953125
2 0.40078125 0.334375 0.0953125 0.09453125
2 0.2984375 0.29296875 0.0984375 0.09921875
2 0.49453125 0.365625 0.09453125 0.09921875
2 0.69140625 0.4421875 0.09296875 0.09765625
2 0.1921875 0.25390625 0.10234375 0.10078125
2 0.79140625 0.4859375 0.09140625 0.096875
1 0.76875 0.52578125 0.16015625 0.46484375
1 0.57734375 0.45546875 0.171875 0.48203125
1 0.4453125 0.23671875 0.090625 0.178125
1 0.34921875 0.196875 0.0953125 0.18359375
1 0.25078125 0.16015625 0.096875 0.1828125
1 0.53203125 0.26015625 0.08359375 0.16640625
1 0.80546875 0.37421875 0.0796875 0.165625
1 0.715625 0.33203125 0.08125 0.16484375
1 0.61796875 0.3 0.08203125 0.16796875
1 0.46484375 0.48671875 0.1484375 0.325
1 0.2515625 0.47734375 0.11171875 0.2109375
1 0.35625 0.5140625 0.10703125 0.209375
1 0.14765625 0.43984375 0.11484375 0.2109375