1 0.9234375 0.52109375 0.12578125 0.3546875
2 0.93671875 0.46171875 0.07109375 0.07265625
2 0.84296875 0.4765625 0.0671875 0.07265625
1 0.83203125 0.53203125 0.1 0.34765625
2 0.528125 0.51015625 0.05703125 0.0609375
1 0.609375 0.55859375 0.065625 0.33984375
2 0.6078125 0.50625 0.06171875 0.07265625
1 0.528125 0.56484375 0.05625 0.3359375
2 0.265625 0.290625 0.0328125 0.09765625
2 0.2109375 0.12890625 0.040625 0.1140625
2 0.171875 0.04453125 0.03984375 0.0859375
2 0.23046875 0.22421875 0.034375 0.0984375
1 0.11484375 0.21015625 0.1109375 0.40625
2 0.30625 0.415625 0.0265625 0.07890625
2 0.3171875 0.4765625 0.02421875 0.07734375
2 0.27734375 0.35703125 0.02734375 0.08515625
1 0.23671875 0.47421875 0.07265625 0.365625
1 0.05703125 0.1453125 0.1046875 0.28203125