2 0.2421875 0.0421875 0.1140625 0.05859375
2 0.703125 0.21640625 0.09140625 0.14765625
2 0.05390625 0.425 0.06328125 0.11328125
2 0.209375 0.51015625 0.0484375 0.0796875
2 0.2671875 0.5109375 0.04765625 0.11015625
2 0.31171875 0.54375 0.04453125 0.0734375
2 0.36015625 0.553125 0.03046875 0.103125
2 0.4125 0.58203125 0.06171875 0.11171875
2 0.46953125 0.60078125 0.06328125 0.10078125
2 0.09765625 0.28828125 0.009375 0.00234375
1 0.06640625 0.48203125 0.1328125 0.32265625
1 0.203125 0.5328125 0.1359375 0.3171875
1 0.4421875 0.6265625 0.0765625 0.35
1 0.3921875 0.6015625 0.10859375 0.35859375