0 0.828125 0.909375 0.2015625 0.05625
0 0.43828125 0.82734375 0.22265625 0.08359375
1 0.0640625 0.80546875 0.1234375 0.13125
1 0.2109375 0.82109375 0.10625 0.128125
0 0.371875 0.82734375 0.08671875 0.04296875
2 0.8203125 0.84140625 0.0640625 0.05546875
2 0.4484375 0.77421875 0.06953125 0.0515625
2 0.32109375 0.20625 0.0625 0.0546875
2 0.42265625 0.22265625 0.0578125 0.04375
2 0.071875 0.753125 0.06640625 0.05
2 0.11953125 0.7515625 0.0484375 0.05078125
2 0.17109375 0.7546875 0.0609375 0.03828125
2 0.7296875 0.26796875 0.06015625 0.0390625
2 0.47421875 0.23125 0.0421875 0.05234375
2 0.375 0.2125 0.05078125 0.05
2 0.51640625 0.23046875 0.0484375 0.04765625
2 0.571875 0.2421875 0.05859375 0.0421875
2 0.79609375 0.2796875 0.05234375 0.0515625
2 0.85546875 0.28359375 0.06328125 0.0515625
2 0.91328125 0.29453125 0.06171875 0.05703125
2 0.9703125 0.30234375 0.059375 0.0609375