2 0.90234375 0.4734375 0.078125 0.08359375
2 0.5328125 0.5140625 0.06875 0.07421875
1 0.8921875 0.534375 0.1265625 0.40859375
1 0.62890625 0.5671875 0.07890625 0.4
1 0.53359375 0.57578125 0.06953125 0.396875
2 0.6265625 0.50625 0.0734375 0.08046875
2 0.98671875 0.45703125 0.02578125 0.08125
1 0.0765625 0.234375 0.1125 0.44609375
1 0.1921875 0.4703125 0.08359375 0.428125
2 0.2734375 0.40625 0.028125 0.0921875
2 0.2859375 0.47265625 0.0265625 0.08515625
2 0.23828125 0.33515625 0.03125 0.1
2 0.2234375 0.25625 0.03515625 0.11640625
2 0.15859375 0.0671875 0.04609375 0.1328125
2 0.18359375 0.17578125 0.0390625 0.11953125