2 0.12421875 0.65703125 0.0609375 0.10703125
2 0.2046875 0.6578125 0.06640625 0.11640625
2 0.88046875 0.6234375 0.0625 0.1109375
2 0.28046875 0.6515625 0.0640625 0.11171875
1 0.9296875 0.6875 0.10546875 0.58125
2 0.0421875 0.66484375 0.0640625 0.1125
1 0.21875 0.71015625 0.07734375 0.54921875
1 0.06875 0.7203125 0.096875 0.55
1 0.1453125 0.715625 0.08515625 0.54765625
1 0.29140625 0.70625 0.06875 0.5515625
1 0.365625 0.70546875 0.05859375 0.5515625
1 0.86640625 0.6875 0.09921875 0.5796875
2 0.66875 0.63359375 0.05859375 0.11484375
2 0.8078125 0.62421875 0.06171875 0.11328125
2 0.953125 0.61953125 0.06953125 0.11640625
1 0.2359375 0.54375 0.04453125 0.22109375
1 0.6671875 0.69375 0.06328125 0.56796875
2 0.35859375 0.65 0.0640625 0.11953125
1 0.65546875 0.51484375 0.04296875 0.225
1 0.30546875 0.53515625 0.04140625 0.21640625
1 0.37578125 0.53046875 0.0375 0.21484375
1 0.59296875 0.6953125 0.0515625 0.55859375
1 0.7296875 0.68125 0.0765625 0.58046875
1 0.1640625 0.55 0.04765625 0.2203125
1 0.0921875 0.553125 0.05234375 0.21953125
1 0.840625 0.509375 0.05234375 0.23515625
2 0.7375 0.628125 0.0625 0.1140625
1 0.8 0.68125 0.07734375 0.5796875
1 0.02421875 0.65546875 0.04765625 0.4171875
1 0.715625 0.515625 0.04609375 0.23359375
2 0.59375 0.6390625 0.06015625 0.11953125