2 0.67265625 0.3875 0.0953125 0.09375
2 0.56328125 0.3828125 0.09765625 0.09609375
2 0.14453125 0.35078125 0.10390625 0.1
2 0.46328125 0.37109375 0.0953125 0.09453125
2 0.36640625 0.36953125 0.096875 0.0953125
2 0.25625 0.3578125 0.1 0.0984375
2 0.778125 0.4 0.0921875 0.09609375
1 0.2640625 0.4125 0.1046875 0.49140625
1 0.15625 0.40625 0.1109375 0.49765625
1 0.7765625 0.45078125 0.08828125 0.47421875
1 0.5609375 0.434375 0.08671875 0.48046875
1 0.46484375 0.4234375 0.0875 0.4859375
1 0.6703125 0.43828125 0.08671875 0.4765625
1 0.37265625 0.42109375 0.09375 0.4859375
1 0.76640625 0.296875 0.05546875 0.18828125
1 0.66875 0.28203125 0.0578125 0.18359375
1 0.565625 0.2765625 0.05546875 0.1796875
2 0.98125 0.2640625 0.0375 0.121875
2 0.0140625 0.10859375 0.028125 0.13125