2 0.5359375 0.37890625 0.11796875 0.1390625
2 0.346875 0.2671875 0.14375 0.15234375
1 0.21875 0.36875 0.2703125 0.675
1 0.40859375 0.4703125 0.20859375 0.64765625
1 0.55546875 0.55546875 0.1625 0.6140625
1 0.684375 0.63359375 0.128125 0.5921875
1 0.91484375 0.73203125 0.12265625 0.53046875
2 0.6828125 0.47734375 0.10390625 0.1296875
2 0.92421875 0.63203125 0.08125 0.11796875
2 0.80625 0.56171875 0.090625 0.11796875
1 0.80625 0.6875 0.0984375 0.58359375
1 0.446875 0.26328125 0.1046875 0.2375
1 0.5859375 0.35078125 0.08828125 0.21015625
1 0.2703125 0.15546875 0.12421875 0.2421875
1 0.703125 0.415625 0.07265625 0.14921875