2 0.23984375 0.67890625 0.07578125 0.12890625
2 0.33359375 0.67421875 0.07421875 0.13046875
2 0.15 0.68671875 0.07421875 0.1265625
2 0.95 0.64375 0.07734375 0.13203125
2 0.05859375 0.6875 0.075 0.13125
1 0.25625 0.709375 0.07890625 0.58046875
2 0.86484375 0.65078125 0.078125 0.13515625
1 0.171875 0.7140625 0.08515625 0.571875
2 0.7 0.66015625 0.07265625 0.1375
1 0.084375 0.71640625 0.096875 0.5671875
2 0.78046875 0.6515625 0.0703125 0.13203125
1 0.02578125 0.6734375 0.05 0.4796875
2 0.61328125 0.65703125 0.065625 0.11171875
1 0.1890625 0.553125 0.0515625 0.25703125
1 0.27109375 0.55078125 0.04765625 0.265625
1 0.10625 0.55625 0.05703125 0.25625
1 0.35390625 0.5359375 0.04375 0.25
1 0.68203125 0.5234375 0.04765625 0.27109375
1 0.90234375 0.5125 0.06015625 0.26875
1 0.60859375 0.7015625 0.05546875 0.59609375
1 0.7546875 0.51171875 0.05078125 0.2421875
1 0.7 0.8734375 0.05078125 0.2421875
1 0.340625 0.88203125 0.04609375 0.23046875
1 0.94375 0.87109375 0.06640625 0.24453125