2 0.19140625 0.50859375 0.0640625 0.10625
2 0.11484375 0.47421875 0.065625 0.1078125
2 0.34296875 0.5734375 0.06328125 0.109375
2 0.03671875 0.43671875 0.06640625 0.10703125
2 0.26640625 0.54140625 0.065625 0.1140625
1 0.34609375 0.63359375 0.12421875 0.53203125
2 0.9203125 0.834375 0.0671875 0.11875
2 0.571875 0.6796875 0.05859375 0.11015625
2 0.64765625 0.709375 0.059375 0.11171875
1 0.55859375 0.7265625 0.09609375 0.540625
2 0.85234375 0.803125 0.06484375 0.1203125
2 0.78203125 0.77109375 0.0625 0.11796875
2 0.709375 0.7390625 0.05625 0.11640625
1 0.05078125 0.503125 0.1015625 0.51953125
1 0.30625 0.44453125 0.06640625 0.21953125
1 0.37734375 0.471875 0.0578125 0.2109375
1 0.23984375 0.41875 0.06875 0.2234375
1 0.8234375 0.78046875 0.05703125 0.4390625
1 0.58671875 0.553125 0.046875 0.184375
1 0.17265625 0.7078125 0.0859375 0.23828125
1 0.2453125 0.740625 0.078125 0.24140625
1 0.890625 0.696875 0.0359375 0.21640625