1 0.92421875 0.5203125 0.125 0.36015625
1 0.8328125 0.53125 0.10234375 0.34921875
2 0.84296875 0.47578125 0.06328125 0.06953125
2 0.9359375 0.46171875 0.0703125 0.071875
1 0.609375 0.5578125 0.06796875 0.3421875
1 0.528125 0.5640625 0.059375 0.33984375
2 0.60703125 0.50625 0.0609375 0.0734375
2 0.5296875 0.509375 0.05703125 0.0609375
1 0.1375 0.2421875 0.09765625 0.4484375
1 0.234375 0.5140625 0.06015625 0.25234375
1 0.0578125 0.14609375 0.10390625 0.2859375
2 0.30625 0.4203125 0.02578125 0.08359375
2 0.265625 0.28828125 0.03046875 0.096875
2 0.2140625 0.1265625 0.06328125 0.11640625
2 0.2359375 0.2203125 0.05078125 0.11015625
2 0.1734375 0.040625 0.075 0.08125
2 0.2828125 0.3609375 0.04765625 0.08828125
2 0.32109375 0.484375 0.04609375 0.07578125