2 0.7828125 0.559375 0.05859375 0.0671875
2 0.9421875 0.5421875 0.06328125 0.06953125
2 0.86328125 0.5515625 0.06171875 0.07109375
1 0.92890625 0.59453125 0.1046875 0.34765625
2 0.7015625 0.57421875 0.05703125 0.06796875
1 0.85390625 0.603125 0.09296875 0.34140625
1 0.77421875 0.61171875 0.084375 0.3375
1 0.69609375 0.62421875 0.07265625 0.33828125
2 0.4234375 0.61015625 0.053125 0.06328125
2 0.49453125 0.60390625 0.05703125 0.0671875
1 0.49453125 0.64921875 0.053125 0.33515625
1 0.4234375 0.6578125 0.0515625 0.328125
1 0.09375 0.34140625 0.109375 0.42265625
2 0.44921875 0.103125 0.075 0.0734375
1 0.903125 0.49140625 0.053125 0.14375
1 0.83046875 0.49765625 0.0484375 0.1375
2 0.54375 0.0828125 0.075 0.07265625
1 0.1421875 0.4296875 0.06953125 0.57734375
2 0.634375 0.0671875 0.071875 0.07265625
1 0.7546875 0.49921875 0.04609375 0.12265625
1 0.6796875 0.5078125 0.04375 0.11796875
2 0.23046875 0.54453125 0.02578125 0.13203125
2 0.14453125 0.19921875 0.0265625 0.10234375
2 0.203125 0.4265625 0.02578125 0.134375
1 0.4890625 0.5359375 0.0375 0.11328125
1 0.11015625 0.21640625 0.03984375 0.17578125
1 0.21484375 0.61640625 0.06640625 0.2734375
2 0.4859375 0.4984375 0.0375 0.0328125
2 0.1671875 0.271875 0.0265625 0.0890625
1 0.42109375 0.54140625 0.03515625 0.096875
1 0.55078125 0.2078125 0.071875 0.3265625