1 0.5453125 0.82109375 0.05546875 0.171875
2 0.54609375 0.95390625 0.07109375 0.05234375
2 0.27578125 0.9703125 0.0734375 0.0515625
1 0.6375 0.80390625 0.0734375 0.14609375
2 0.91953125 0.93203125 0.07734375 0.05078125
2 0.1953125 0.975 0.07578125 0.05
2 0.8234375 0.93359375 0.07578125 0.05078125
2 0.11953125 0.97890625 0.0765625 0.0421875
2 0.7296875 0.93671875 0.0734375 0.05234375
2 0.04140625 0.97890625 0.07734375 0.04140625
1 0.7078125 0.76328125 0.05234375 0.08125
1 0.79453125 0.765625 0.06953125 0.0953125
2 0.9890625 0.9171875 0.02109375 0.0390625
1 0.884375 0.76640625 0.0859375 0.10859375
1 0.209375 0.815625 0.09765625 0.1203125
1 0.96171875 0.7625 0.0734375 0.11015625
1 0.62265625 0.76015625 0.0453125 0.065625
1 0.03828125 0.859375 0.06875 0.1015625
1 0.7296875 0.79921875 0.0578125 0.08359375
1 0.29453125 0.7953125 0.0640625 0.08984375
1 0.13828125 0.828125 0.1046875 0.13125
1 0.0859375 0.81015625 0.0828125 0.09375
1 0.2359375 0.78671875 0.0453125 0.05859375
1 0.03125 0.80859375 0.0625 0.0828125
1 0.5390625 0.7609375 0.04296875 0.05078125
1 0.8328125 0.80546875 0.0609375 0.08984375
2 0.64296875 0.94609375 0.0734375 0.06015625