0 0.378125 0.7953125 0.2109375 0.14375
0 0.31796875 0.7640625 0.084375 0.06796875
0 0.675 0.97421875 0.090625 0.05078125
2 0.1890625 0.64609375 0.05 0.0453125
2 0.28671875 0.7453125 0.021875 0.0453125
2 0.08984375 0.59453125 0.0421875 0.06796875
2 0.14140625 0.6125 0.046875 0.05859375
2 0.74609375 0.95546875 0.0625 0.084375
2 0.39765625 0.73984375 0.059375 0.07421875
2 0.37734375 0.14609375 0.05703125 0.06328125
2 0.4296875 0.171875 0.04375 0.0609375
2 0.47421875 0.19765625 0.04375 0.0625
2 0.51640625 0.23046875 0.0453125 0.06171875
2 0.5625 0.24609375 0.04375 0.05234375
2 0.61640625 0.27890625 0.0578125 0.08203125
2 0.76640625 0.3546875 0.059375 0.065625
2 0.825 0.3984375 0.05625 0.059375
2 0.03984375 0.56640625 0.04921875 0.053125
2 0.88046875 0.4265625 0.0484375 0.06640625
2 0.93671875 0.45390625 0.05 0.0546875
2 0.98359375 0.478125 0.0328125 0.071875