2 0.11640625 0.40390625 0.0765625 0.1015625
2 0.34375 0.5484375 0.046875 0.0796875
1 0.30390625 0.596875 0.0765625 0.4125
1 0.084375 0.45390625 0.140625 0.4671875
1 0.3734375 0.6453125 0.0578125 0.40390625
2 0.03828125 0.33671875 0.04453125 0.10859375
2 0.4109375 0.5890625 0.04296875 0.075
1 0.48046875 0.7109375 0.03515625 0.38125
1 0.5828125 0.75546875 0.059375 0.359375
1 0.31796875 0.46640625 0.04453125 0.15625
1 0.3828125 0.5140625 0.03828125 0.15
1 0.43046875 0.6828125 0.04140625 0.3890625
1 0.5296875 0.73828125 0.03203125 0.36796875
2 0.6125 0.7265625 0.03046875 0.06640625
2 0.46796875 0.62890625 0.0375 0.06953125
1 0.6734375 0.72890625 0.03125 0.12109375
1 0.728125 0.78984375 0.03671875 0.178125
1 0.6796875 0.83125 0.040625 0.32265625
1 0.7953125 0.87421875 0.04296875 0.2515625
1 0.70703125 0.8421875 0.04140625 0.31484375
1 0.753125 0.8578125 0.0421875 0.284375
2 0.52109375 0.66640625 0.03671875 0.07109375
2 0.9546875 0.284375 0.04296875 0.103125