2 0.46328125 0.37109375 0.09453125 0.09453125
2 0.14453125 0.3515625 0.103125 0.09921875
2 0.778125 0.4 0.09140625 0.09375
2 0.36640625 0.36953125 0.09609375 0.09453125
2 0.5640625 0.3828125 0.09765625 0.09609375
2 0.25625 0.359375 0.09921875 0.09765625
2 0.67265625 0.3890625 0.09375 0.09609375
1 0.15625 0.40703125 0.10859375 0.496875
1 0.2640625 0.41328125 0.1015625 0.49140625
1 0.775 0.44921875 0.08515625 0.4734375
1 0.6703125 0.4375 0.078125 0.4796875
1 0.3734375 0.421875 0.09140625 0.48515625
1 0.4640625 0.42421875 0.08515625 0.48359375
1 0.56171875 0.434375 0.084375 0.4796875
1 0.76640625 0.29921875 0.05390625 0.19140625
1 0.66875 0.28515625 0.05625 0.1875
2 0.9828125 0.2625 0.034375 0.115625
1 0.565625 0.275 0.05546875 0.17578125
2 0.0140625 0.109375 0.02734375 0.13359375