1 0.8109375 0.559375 0.0890625 0.38984375
2 0.81484375 0.50546875 0.06640625 0.07734375
2 0.13359375 0.590625 0.05625 0.07109375
2 0.20234375 0.5828125 0.05390625 0.07109375
2 0.73125 0.5171875 0.06328125 0.0796875
2 0.64921875 0.53046875 0.059375 0.07890625
1 0.65234375 0.58203125 0.06015625 0.38984375
1 0.72890625 0.5703125 0.071875 0.3875
1 0.15234375 0.6390625 0.0796875 0.371875
1 0.57109375 0.59140625 0.05078125 0.3875
2 0.48828125 0.54296875 0.0546875 0.07109375
1 0.22265625 0.63359375 0.0671875 0.37578125
2 0.56953125 0.5375 0.05703125 0.078125
2 0.409375 0.55703125 0.06015625 0.078125
1 0.41953125 0.6078125 0.04375 0.38046875
1 0.78984375 0.440625 0.046875 0.16171875
1 0.7140625 0.44140625 0.04453125 0.14296875
1 0.17265625 0.52578125 0.04296875 0.15078125
1 0.4984375 0.5984375 0.0375 0.3859375
1 0.2359375 0.51875 0.040625 0.1546875
1 0.425 0.4859375 0.03359375 0.1453125