1 0.91796875 0.415625 0.1265625 0.7453125
1 0.79609375 0.40859375 0.1078125 0.73671875
1 0.35859375 0.19453125 0.05859375 0.34453125
1 0.47265625 0.19375 0.05 0.33984375
1 0.24375 0.3796875 0.11171875 0.7
1 0.68671875 0.2046875 0.06015625 0.353125
1 0.58125 0.1984375 0.05078125 0.34296875
1 0.253125 0.19140625 0.06484375 0.3390625
1 0.6765625 0.39921875 0.096875 0.728125
1 0.5703125 0.39296875 0.08671875 0.71796875
1 0.46328125 0.38828125 0.08828125 0.7140625
1 0.346875 0.378125 0.1015625 0.7015625
1 0.8078125 0.203125 0.0671875 0.34921875
1 0.9328125 0.2109375 0.07890625 0.3515625
2 0.92890625 0.48671875 0.13125 0.196875
1 0.88515625 0.66640625 0.07421875 0.2453125
2 0.23125 0.44296875 0.1140625 0.14140625
2 0.34765625 0.4546875 0.1125 0.16171875
2 0.4578125 0.46015625 0.10546875 0.16171875
2 0.56875 0.46796875 0.10546875 0.15625
2 0.68203125 0.48203125 0.1125 0.16484375
2 0.803125 0.48125 0.12734375 0.1640625