1 0.3796875 0.2390625 0.05078125 0.284375
1 0.47578125 0.23828125 0.0421875 0.28671875
1 0.37421875 0.4 0.084375 0.60078125
1 0.5671875 0.2421875 0.0421875 0.28671875
1 0.75 0.42421875 0.09375 0.63515625
1 0.65625 0.246875 0.05 0.29296875
1 0.2890625 0.2359375 0.05546875 0.2796875
1 0.64765625 0.415625 0.0828125 0.62421875
1 0.76015625 0.25 0.059375 0.2984375
1 0.465625 0.40390625 0.08125 0.60546875
1 0.28046875 0.396875 0.1015625 0.59453125
1 0.5546875 0.40859375 0.0796875 0.6140625
1 0.85390625 0.4296875 0.11484375 0.6421875
1 0.86640625 0.2546875 0.06875 0.3
1 0.82578125 0.6453125 0.0625 0.20234375
2 0.86328125 0.49140625 0.11484375 0.1546875
2 0.27265625 0.446875 0.109375 0.14609375
2 0.4671875 0.4515625 0.090625 0.1765625
2 0.365625 0.4546875 0.090625 0.14296875
2 0.65 0.465625 0.103125 0.1625
2 0.56015625 0.46953125 0.1 0.1734375
2 0.75703125 0.47421875 0.103125 0.15
1 0.64765625 0.640625 0.07109375 0.19921875
1 0.29296875 0.2390625 0.0765625 0.3