1 0.8515625 0.42890625 0.10859375 0.6390625
1 0.74921875 0.425 0.09140625 0.62890625
1 0.3796875 0.23984375 0.05078125 0.2859375
1 0.4765625 0.24140625 0.04296875 0.28515625
1 0.5671875 0.24375 0.0421875 0.2890625
1 0.28984375 0.23828125 0.0546875 0.28125
1 0.65625 0.2484375 0.0515625 0.29609375
1 0.64921875 0.4171875 0.08203125 0.6234375
1 0.37578125 0.4015625 0.08359375 0.6
1 0.46640625 0.403125 0.0796875 0.6
1 0.5578125 0.4109375 0.07578125 0.61171875
1 0.86640625 0.2546875 0.06953125 0.3
1 0.2796875 0.3984375 0.10234375 0.59453125
1 0.8265625 0.6421875 0.06171875 0.20703125
2 0.26875 0.446875 0.09296875 0.125
2 0.3625 0.4546875 0.0796875 0.1359375
2 0.459375 0.4453125 0.0859375 0.1203125
2 0.55078125 0.4640625 0.08359375 0.1484375
2 0.65546875 0.47734375 0.0859375 0.1375
2 0.865625 0.490625 0.10625 0.1578125
2 0.753125 0.46875 0.08984375 0.20390625