1 0.3796875 0.24140625 0.0515625 0.28828125
1 0.4765625 0.2390625 0.04296875 0.2875
1 0.56796875 0.2453125 0.04296875 0.290625
1 0.85546875 0.43046875 0.1078125 0.6390625
1 0.65703125 0.24921875 0.05 0.29765625
1 0.2890625 0.2390625 0.0546875 0.28515625
1 0.74921875 0.425 0.08984375 0.6265625
1 0.375 0.40078125 0.0828125 0.5984375
1 0.64765625 0.41640625 0.0796875 0.62265625
1 0.46640625 0.40546875 0.0796875 0.60234375
1 0.28046875 0.39765625 0.1 0.590625
1 0.55703125 0.409375 0.07734375 0.6109375
1 0.86640625 0.25625 0.06796875 0.30234375
1 0.8265625 0.64375 0.0609375 0.20390625
2 0.27265625 0.4578125 0.0984375 0.15
2 0.36875 0.45625 0.09453125 0.1359375
2 0.46796875 0.459375 0.090625 0.1421875
2 0.86328125 0.47109375 0.11171875 0.19140625
2 0.7546875 0.46484375 0.0859375 0.19296875