1 0.4296875 0.20078125 0.07265625 0.284375
1 0.52265625 0.23984375 0.078125 0.28203125
1 0.69453125 0.31484375 0.09609375 0.290625
1 0.61015625 0.27734375 0.0859375 0.28671875
1 0.34375 0.1625 0.0671875 0.28046875
1 0.39921875 0.35703125 0.13125 0.58984375
1 0.31171875 0.31875 0.12734375 0.578125
1 0.48984375 0.39765625 0.14296875 0.59609375
1 0.79375 0.359375 0.10703125 0.30078125
1 0.57421875 0.4390625 0.15390625 0.6046875
1 0.6578125 0.478125 0.165625 0.61640625
1 0.75703125 0.52265625 0.1875 0.625
1 0.89921875 0.40546875 0.11015625 0.3
2 0.29140625 0.3609375 0.0921875 0.12734375
2 0.38203125 0.39765625 0.08828125 0.1421875
2 0.4765625 0.44375 0.0953125 0.15078125
2 0.5609375 0.48515625 0.0796875 0.16171875
2 0.64609375 0.521875 0.090625 0.15078125
2 0.75234375 0.58046875 0.0953125 0.15625
2 0.85625 0.6203125 0.1046875 0.1765625