1 0.93046875 0.34765625 0.078125 0.35
2 0.78359375 0.3828125 0.0453125 0.07265625
2 0.7296875 0.38359375 0.04609375 0.07421875
1 0.67578125 0.3515625 0.03671875 0.36484375
1 0.62890625 0.35703125 0.03359375 0.36640625
1 0.58046875 0.35703125 0.03515625 0.36328125
1 0.53203125 0.3578125 0.03671875 0.36875
1 0.94296875 0.246875 0.0421875 0.15625
1 0.7265625 0.25390625 0.028125 0.15859375
2 0.33984375 0.8625 0.10859375 0.11640625
2 0.94140625 0.378125 0.059375 0.08515625
2 0.528125 0.3921875 0.059375 0.08046875
2 0.58046875 0.39765625 0.04765625 0.08046875
2 0.63359375 0.396875 0.05234375 0.090625
2 0.825 0.83203125 0.1296875 0.08984375