2 0.9546875 0.56875 0.04921875 0.06796875
2 0.73984375 0.4828125 0.04765625 0.07734375
2 0.546875 0.40859375 0.046875 0.0734375
2 0.59453125 0.42734375 0.0453125 0.07421875
2 0.790625 0.50390625 0.046875 0.07109375
2 0.690625 0.465625 0.04375 0.07109375
1 0.56875 0.27890625 0.03984375 0.1625
1 0.61640625 0.29921875 0.0453125 0.16171875
1 0.8078125 0.3734375 0.0546875 0.1578125
1 0.7109375 0.340625 0.05234375 0.1640625
1 0.96953125 0.43984375 0.05859375 0.14765625
2 0.2921875 0.78671875 0.0953125 0.13828125
2 0.765625 0.953125 0.1125 0.09375