2 0.83203125 0.3640625 0.05546875 0.0859375
2 0.7703125 0.36484375 0.053125 0.0859375
1 0.5375 0.334375 0.05 0.4296875
1 0.653125 0.3296875 0.04375 0.4171875
1 0.5953125 0.33125 0.04375 0.421875
2 0.7109375 0.36953125 0.05 0.08046875
1 0.59375 0.21640625 0.02734375 0.18984375
1 0.653125 0.2140625 0.02734375 0.190625
1 0.53671875 0.2171875 0.03046875 0.1921875
1 0.82578125 0.209375 0.03828125 0.1890625
1 0.9796875 0.39609375 0.03671875 0.25
2 0.31328125 0.9234375 0.12578125 0.1375
2 0.88828125 0.9015625 0.1078125 0.08046875