2 0.9515625 0.378125 0.04765625 0.07265625
2 0.7828125 0.3828125 0.04609375 0.07109375
1 0.72109375 0.353125 0.03984375 0.36484375
1 0.628125 0.35625 0.03359375 0.3609375
1 0.5328125 0.35859375 0.0359375 0.36640625
1 0.5796875 0.25859375 0.0234375 0.16171875
2 0.6828125 0.3859375 0.04375 0.0671875
1 0.94296875 0.24609375 0.0421875 0.1578125
2 0.58125 0.38984375 0.04609375 0.07578125
2 0.34140625 0.86328125 0.1046875 0.11953125
1 0.91328125 0.44453125 0.040625 0.13828125
2 0.83671875 0.8359375 0.12734375 0.0859375