2 0.7328125 0.3203125 0.0625 0.0859375
2 0.59453125 0.33203125 0.059375 0.08671875
2 0.53203125 0.3328125 0.05546875 0.08046875
1 0.45546875 0.28359375 0.04921875 0.43828125
1 0.6484375 0.275 0.05390625 0.4359375
1 0.3890625 0.28828125 0.05625 0.44296875
1 0.51953125 0.28046875 0.04453125 0.4390625
2 0.9578125 0.30390625 0.06328125 0.08046875
1 0.95234375 0.14453125 0.065625 0.18984375
1 0.9 0.37578125 0.0546875 0.159375
2 0.384375 0.3484375 0.07890625 0.1
2 0.4609375 0.34375 0.0671875 0.096875