2 0.775 0.290625 0.075 0.1015625
2 0.53203125 0.30546875 0.06875 0.0984375
2 0.68984375 0.29609375 0.07421875 0.10078125
2 0.3703125 0.31796875 0.07890625 0.10546875
2 0.6125 0.303125 0.07109375 0.1015625
2 0.44921875 0.3125 0.07421875 0.10390625
1 0.96875 0.290625 0.05859375 0.33046875
1 0.7671875 0.10546875 0.05703125 0.2078125
1 0.37890625 0.4203125 0.040625 0.15625
1 0.45 0.4140625 0.03984375 0.1640625
1 0.73515625 0.3765625 0.05 0.1953125
1 0.4015625 0.11640625 0.134375 0.2328125
1 0.52421875 0.11875 0.05234375 0.23671875
1 0.6046875 0.11328125 0.06328125 0.2265625
1 0.67734375 0.10859375 0.05 0.2171875
1 0.52265625 0.43671875 0.0578125 0.13984375