2 0.73359375 0.3203125 0.06328125 0.0859375
2 0.9578125 0.3046875 0.06484375 0.08046875
2 0.59375 0.33203125 0.05703125 0.08671875
1 0.45390625 0.28515625 0.05 0.4375
1 0.3890625 0.2890625 0.0578125 0.44296875
1 0.51875 0.28125 0.0453125 0.4390625
1 0.95234375 0.14453125 0.06640625 0.18828125
1 0.72578125 0.15390625 0.04921875 0.1984375
1 0.64765625 0.27734375 0.05546875 0.440625
1 0.90078125 0.37421875 0.0546875 0.1640625
2 0.39296875 0.34765625 0.06484375 0.09453125
2 0.46171875 0.3421875 0.05625 0.1
2 0.53359375 0.34140625 0.065625 0.0890625
2 0.6671875 0.32578125 0.065625 0.06875