2 0.68828125 0.3921875 0.059375 0.0828125
2 0.41953125 0.30859375 0.0640625 0.08671875
2 0.75703125 0.415625 0.06484375 0.08046875
2 0.6203125 0.3734375 0.059375 0.08515625
1 0.4890625 0.27421875 0.08359375 0.43203125
2 0.97265625 0.48125 0.0546875 0.07265625
1 0.5484375 0.290625 0.096875 0.4328125
1 0.446875 0.1390625 0.053125 0.20859375
1 0.51484375 0.1625 0.0546875 0.20703125
1 0.78203125 0.24609375 0.0765625 0.190625
1 0.7125 0.22578125 0.071875 0.19609375
1 0.64765625 0.20546875 0.06796875 0.20234375
1 0.97734375 0.32890625 0.04453125 0.1609375
1 0.90859375 0.53125 0.075 0.153125