1 0.71640625 0.26796875 0.0796875 0.43359375
1 0.3890625 0.2859375 0.0578125 0.4453125
2 0.66015625 0.325 0.059375 0.0875
1 0.584375 0.278125 0.05234375 0.45078125
1 0.45390625 0.28515625 0.0515625 0.4421875
1 0.5203125 0.28125 0.0484375 0.44765625
1 0.934375 0.2578125 0.12421875 0.415625
1 0.95234375 0.14375 0.0640625 0.18671875
1 0.72734375 0.15390625 0.0484375 0.19765625
1 0.59140625 0.16328125 0.03515625 0.203125
2 0.3875 0.34765625 0.07421875 0.09921875
1 0.90078125 0.3765625 0.05390625 0.16171875
2 0.9546875 0.3046875 0.0609375 0.0921875
2 0.73828125 0.32109375 0.08203125 0.0921875
2 0.5953125 0.3390625 0.0671875 0.09453125
2 0.46015625 0.33984375 0.065625 0.08671875
2 0.52734375 0.34140625 0.065625 0.0921875