2 0.71171875 0.24296875 0.0296875 0.06015625
1 0.77578125 0.20078125 0.0375 0.29296875
2 0.75 0.23984375 0.02890625 0.05859375
2 0.8234375 0.2296875 0.0296875 0.05703125
2 0.903125 0.22265625 0.0265625 0.05703125
1 0.846875 0.196875 0.05 0.296875
1 0.43046875 0.23828125 0.02421875 0.30625
1 0.59296875 0.22578125 0.0265625 0.30625
1 0.4625 0.23515625 0.02265625 0.3046875
1 0.55859375 0.22578125 0.02265625 0.30390625
1 0.78203125 0.12265625 0.0265625 0.13125
1 0.49453125 0.23359375 0.021875 0.3046875
1 0.97890625 0.1875 0.0421875 0.28046875
1 0.746875 0.12578125 0.025 0.12734375
1 0.52734375 0.2296875 0.021875 0.30234375
1 0.70859375 0.12734375 0.02265625 0.121875
1 0.82109375 0.115625 0.02734375 0.12578125
2 0.53125 0.26328125 0.0296875 0.05859375
1 0.85859375 0.115625 0.03046875 0.1296875
2 0.56328125 0.259375 0.03046875 0.0609375
2 0.4984375 0.265625 0.03046875 0.05703125
1 0.8984375 0.10859375 0.03125 0.1265625
2 0.4328125 0.27421875 0.0328125 0.06484375
2 0.46640625 0.278125 0.03046875 0.0859375