1 0.8875 0.19453125 0.053125 0.29765625
1 0.84921875 0.19765625 0.04921875 0.29921875
2 0.71171875 0.24296875 0.0296875 0.06015625
1 0.81328125 0.20078125 0.040625 0.29375
1 0.7390625 0.20625 0.0390625 0.29609375
1 0.77578125 0.20390625 0.0390625 0.29453125
1 0.59296875 0.225 0.0265625 0.30625
1 0.55859375 0.228125 0.025 0.309375
1 0.46171875 0.23671875 0.02265625 0.30625
1 0.43046875 0.240625 0.02421875 0.30859375
1 0.52734375 0.23125 0.02265625 0.30546875
1 0.4953125 0.2359375 0.021875 0.30703125
1 0.74609375 0.12578125 0.02421875 0.128125
1 0.7828125 0.12109375 0.02578125 0.125
1 0.7078125 0.12890625 0.021875 0.12421875
1 0.97890625 0.1859375 0.03984375 0.284375
1 0.82109375 0.115625 0.02734375 0.12109375
1 0.85859375 0.115625 0.03046875 0.1296875
1 0.89765625 0.109375 0.03125 0.12734375
1 0.5609375 0.14453125 0.01640625 0.1359375
1 0.5296875 0.14921875 0.015625 0.12890625
1 0.5953125 0.14140625 0.01796875 0.1328125
2 0.4328125 0.28125 0.03125 0.07421875
2 0.46796875 0.27109375 0.0328125 0.06796875
2 0.534375 0.26171875 0.0296875 0.04921875
2 0.5 0.27265625 0.03515625 0.065625
2 0.56484375 0.2625 0.03046875 0.06953125
2 0.59921875 0.2578125 0.0328125 0.07890625
2 0.75 0.2421875 0.0328125 0.0765625
2 0.78828125 0.22890625 0.03203125 0.08984375
2 0.86015625 0.2265625 0.03828125 0.08046875
2 0.828125 0.2421875 0.02890625 0.08125
2 0.90390625 0.22890625 0.03125 0.0703125