1 0.78359375 0.16640625 0.04765625 0.33203125
2 0.9265625 0.18046875 0.0328125 0.0671875
1 0.86171875 0.16171875 0.05234375 0.32109375
2 0.97421875 0.17265625 0.0328125 0.06875
2 0.83671875 0.1875 0.03359375 0.06796875
1 0.73984375 0.16875 0.0421875 0.334375
1 0.41875 0.196875 0.02890625 0.36484375
2 0.496875 0.22734375 0.03515625 0.06953125
2 0.5359375 0.22578125 0.03515625 0.07109375
1 0.45625 0.1953125 0.0265625 0.365625
1 0.6078125 0.1796875 0.03125 0.359375
2 0.57421875 0.21796875 0.03359375 0.06484375
1 0.7453125 0.0703125 0.02734375 0.13515625
1 0.92265625 0.06328125 0.03125 0.1203125
1 0.790625 0.06796875 0.02890625 0.13203125
1 0.8328125 0.06640625 0.03125 0.13046875
1 0.87734375 0.065625 0.03125 0.128125
1 0.9671875 0.06171875 0.034375 0.11875
1 0.6125 0.07734375 0.02109375 0.15
2 0.42109375 0.23828125 0.0421875 0.07890625
2 0.46015625 0.23359375 0.0390625 0.08828125
2 0.6203125 0.22734375 0.05 0.090625
2 0.746875 0.18828125 0.04453125 0.06484375
2 0.79609375 0.2 0.0296875 0.09375