1 0.77421875 0.20390625 0.04140625 0.3
1 0.84921875 0.19609375 0.0515625 0.3
1 0.8125 0.20078125 0.04453125 0.30078125
1 0.73828125 0.2046875 0.040625 0.29921875
1 0.70234375 0.21171875 0.03359375 0.29453125
1 0.88671875 0.19296875 0.05625 0.29921875
1 0.74609375 0.1265625 0.025 0.13125
1 0.7078125 0.12890625 0.02265625 0.1265625
1 0.7828125 0.1203125 0.02578125 0.12734375
1 0.5265625 0.23125 0.0234375 0.30625
1 0.4953125 0.2359375 0.0234375 0.3078125
1 0.46171875 0.23671875 0.0234375 0.3078125
2 0.56328125 0.26015625 0.03046875 0.0625
1 0.5578125 0.228125 0.0234375 0.30859375
1 0.82109375 0.11484375 0.0265625 0.1234375
1 0.4296875 0.23984375 0.025 0.309375
1 0.59140625 0.22578125 0.02734375 0.30859375
1 0.86015625 0.115625 0.0296875 0.128125
1 0.97734375 0.18515625 0.0390625 0.2671875
1 0.8984375 0.11015625 0.03125 0.12890625
1 0.5953125 0.14140625 0.01796875 0.13359375
1 0.4953125 0.15078125 0.015625 0.13125
2 0.71484375 0.246875 0.0359375 0.0921875
2 0.46875 0.2828125 0.03046875 0.05859375
2 0.43125 0.2734375 0.03046875 0.06328125
2 0.50234375 0.26484375 0.028125 0.0609375
2 0.60078125 0.2625 0.03515625 0.0546875
2 0.903125 0.22421875 0.04453125 0.07421875
2 0.865625 0.22890625 0.03984375 0.06015625
2 0.82265625 0.24140625 0.03671875 0.078125
2 0.78515625 0.2375 0.03515625 0.065625
2 0.75078125 0.246875 0.028125 0.08984375