2 0.81015625 0.39765625 0.03203125 0.059375
2 0.73671875 0.365625 0.03046875 0.05859375
2 0.884375 0.43046875 0.03046875 0.0578125
2 0.77421875 0.38125 0.03125 0.05859375
2 0.846875 0.4125 0.03125 0.05625
2 0.9234375 0.44609375 0.03046875 0.05703125
1 0.62421875 0.28125 0.05625 0.29140625
2 0.590625 0.30234375 0.03125 0.06015625
2 0.46171875 0.24453125 0.03046875 0.0609375
1 0.528125 0.2390625 0.0515625 0.296875
1 0.49609375 0.22734375 0.046875 0.296875
1 0.74765625 0.253125 0.034375 0.12109375
1 0.7859375 0.2671875 0.0375 0.12109375
1 0.896875 0.31875 0.04140625 0.12265625
1 0.81875 0.28984375 0.04375 0.13515625
1 0.50546875 0.14609375 0.02890625 0.13125
1 0.475 0.12734375 0.02734375 0.1265625
1 0.98203125 0.50390625 0.034375 0.15390625
1 0.57109375 0.1734375 0.03046875 0.1265625
1 0.603125 0.1859375 0.03203125 0.12890625
1 0.53984375 0.1546875 0.02890625 0.1265625
1 0.6375 0.203125 0.03125 0.1265625