2 0.78984375 0.359375 0.059375 0.10625
2 0.71640625 0.365625 0.0578125 0.10546875
2 0.8640625 0.35859375 0.06015625 0.10546875
2 0.94453125 0.35625 0.05703125 0.10546875
2 0.63203125 0.36796875 0.05625 0.10703125
2 0.05625 0.39453125 0.0671875 0.1125
1 0.96875 0.321875 0.05703125 0.4828125
2 0.12421875 0.39140625 0.0640625 0.11171875
2 0.19453125 0.3875 0.06328125 0.109375
1 0.40625 0.33046875 0.05390625 0.5359375
2 0.3296875 0.3828125 0.06171875 0.1109375
2 0.2640625 0.38828125 0.059375 0.11015625
1 0.7796875 0.16796875 0.0453125 0.23203125
1 0.85546875 0.16328125 0.0515625 0.22890625
1 0.9328125 0.1640625 0.0546875 0.2296875
1 0.33203125 0.1859375 0.0421875 0.2453125
1 0.265625 0.1859375 0.0453125 0.240625
1 0.1296875 0.18828125 0.05546875 0.24375
1 0.06328125 0.1921875 0.06015625 0.25
1 0.896875 0.4609375 0.04921875 0.1984375
1 0.75546875 0.46484375 0.04140625 0.19375
2 0.9171875 0.3296875 0.0421875 0.0703125
1 0.82421875 0.46328125 0.046875 0.2
2 0.7 0.340625 0.040625 0.071875
1 0.68984375 0.475 0.0359375 0.184375
2 0.8421875 0.32734375 0.04765625 0.07890625
2 0.76875 0.33515625 0.0453125 0.08828125