1 0.91953125 0.309375 0.0859375 0.51484375
1 0.6984375 0.3125 0.06015625 0.534375
2 0.63203125 0.36796875 0.059375 0.1078125
1 0.84296875 0.3109375 0.08046875 0.5265625
1 0.76875 0.31328125 0.0734375 0.52734375
1 0.0828125 0.340625 0.10625 0.55390625
2 0.19453125 0.3875 0.06328125 0.10703125
1 0.40625 0.32890625 0.0546875 0.5421875
2 0.33046875 0.38203125 0.0625 0.1125
1 0.78125 0.16875 0.0453125 0.23125
1 0.63125 0.17578125 0.03671875 0.23515625
1 0.85625 0.16484375 0.0515625 0.22734375
1 0.2765625 0.33359375 0.071875 0.54453125
1 0.934375 0.165625 0.05390625 0.22890625
1 0.70703125 0.16875 0.03984375 0.2296875
1 0.33203125 0.18515625 0.0421875 0.23828125
1 0.26640625 0.18671875 0.04609375 0.2390625
1 0.403125 0.18125 0.03671875 0.23828125
1 0.13046875 0.1890625 0.05703125 0.24375
1 0.06328125 0.190625 0.0609375 0.24765625
1 0.89765625 0.453125 0.053125 0.21953125
2 0.05078125 0.39765625 0.09140625 0.1421875
2 0.70859375 0.36640625 0.06875 0.11484375
2 0.403125 0.38203125 0.0703125 0.1171875
2 0.865625 0.35546875 0.0609375 0.11015625
2 0.94140625 0.3484375 0.08359375 0.121875