2 0.87265625 0.53359375 0.0640625 0.1015625
2 0.65390625 0.43671875 0.0546875 0.10078125
2 0.79765625 0.49921875 0.0609375 0.09921875
2 0.9484375 0.56875 0.06015625 0.0953125
2 0.7234375 0.4703125 0.059375 0.10390625
2 0.08671875 0.19140625 0.0640625 0.11796875
2 0.15234375 0.21953125 0.06328125 0.11484375
2 0.22109375 0.24921875 0.0625 0.1125
2 0.35234375 0.3078125 0.0609375 0.1125
2 0.42265625 0.3359375 0.06015625 0.11171875
2 0.2890625 0.2796875 0.05625 0.11171875
1 0.671875 0.2484375 0.06015625 0.23515625
1 0.115625 0.22109375 0.05703125 0.42890625
1 0.74765625 0.27890625 0.06953125 0.2328125
1 0.17734375 0.22578125 0.0609375 0.45
1 0.81875 0.31015625 0.07734375 0.23203125
1 0.89140625 0.3453125 0.08125 0.23046875
1 0.38125 0.12109375 0.05 0.23984375
1 0.4515625 0.14375 0.053125 0.2484375
1 0.96328125 0.378125 0.0734375 0.2234375
1 0.184375 0.08046875 0.0390625 0.1546875
1 0.25234375 0.09375 0.0421875 0.18203125
1 0.31953125 0.1078125 0.04921875 0.21484375
1 0.12109375 0.06328125 0.03671875 0.11875
1 0.8921875 0.6296875 0.0828125 0.22734375
1 0.81953125 0.615625 0.0703125 0.2015625
1 0.6890625 0.56015625 0.05625 0.20234375
1 0.753125 0.58046875 0.06640625 0.20625
2 0.784375 0.4625 0.04609375 0.08125
2 0.92734375 0.5265625 0.04921875 0.07890625
2 0.715625 0.43046875 0.0453125 0.075
2 0.603125 0.6125 0.03515625 0.04609375