2 0.9296875 0.33125 0.07109375 0.1234375
2 0.83984375 0.33671875 0.07265625 0.12578125
2 0.66328125 0.34453125 0.06875 0.12578125
2 0.75390625 0.34140625 0.06640625 0.1203125
2 0.0578125 0.371875 0.075 0.1296875
2 0.140625 0.3703125 0.07578125 0.12890625
2 0.30078125 0.3609375 0.07421875 0.1296875
2 0.3859375 0.35859375 0.071875 0.128125
2 0.22265625 0.3671875 0.06953125 0.13046875
1 0.9671875 0.3015625 0.05859375 0.5578125
1 0.74296875 0.125 0.0484375 0.24765625
1 0.65390625 0.128125 0.04296875 0.2484375
1 0.8296875 0.121875 0.05703125 0.2421875
1 0.91953125 0.1203125 0.059375 0.2390625
1 0.30234375 0.13671875 0.05 0.26640625
1 0.225 0.14140625 0.05625 0.27265625
1 0.034375 0.3578125 0.06796875 0.5625
1 0.0640625 0.140625 0.0671875 0.275
1 0.8 0.46171875 0.05 0.23359375
1 0.72265625 0.4671875 0.0453125 0.23359375
1 0.88125 0.4625 0.05390625 0.22890625
2 0.81484375 0.3 0.04921875 0.08359375
1 0.640625 0.48046875 0.0359375 0.21015625
2 0.009375 0.3765625 0.01796875 0.11875