2 0.94375 0.3546875 0.059375 0.10234375
2 0.865625 0.35859375 0.0609375 0.10546875
2 0.790625 0.359375 0.0578125 0.10546875
2 0.640625 0.3671875 0.05546875 0.10546875
2 0.71171875 0.3671875 0.05859375 0.10703125
1 0.96953125 0.3234375 0.059375 0.47734375
1 0.08203125 0.34140625 0.10390625 0.55234375
2 0.19375 0.3890625 0.059375 0.10078125
1 0.40859375 0.3296875 0.05234375 0.534375
1 0.34140625 0.33125 0.0640625 0.5375
2 0.26484375 0.38828125 0.06171875 0.11015625
1 0.70625 0.17265625 0.04140625 0.23359375
1 0.78046875 0.16953125 0.04609375 0.23203125
1 0.85625 0.16484375 0.05234375 0.23046875
1 0.934375 0.165625 0.0546875 0.22734375
1 0.3328125 0.18515625 0.04296875 0.240625
1 0.13046875 0.190625 0.05625 0.246875
1 0.26640625 0.18828125 0.04609375 0.24140625
1 0.06328125 0.19140625 0.0609375 0.2484375
1 0.825 0.4640625 0.04765625 0.20078125
1 0.896875 0.45859375 0.05 0.20390625
1 0.75625 0.4640625 0.04375 0.2
1 0.68984375 0.475 0.03671875 0.1875
2 0.9171875 0.3296875 0.04453125 0.07265625
2 0.05625 0.39609375 0.065625 0.1140625
2 0.125 0.39296875 0.07265625 0.125
2 0.33515625 0.38671875 0.06328125 0.1046875
2 0.4109375 0.3859375 0.07890625 0.1203125
1 0.62578125 0.31484375 0.03359375 0.515625