2 0.24140625 0.52421875 0.1359375 0.14375
2 0.0921875 0.525 0.140625 0.14765625
2 0.85625 0.5046875 0.14140625 0.1484375
2 0.6953125 0.51015625 0.13671875 0.14921875
2 0.4 0.51953125 0.1375 0.14765625
2 0.55234375 0.51796875 0.13515625 0.15
1 0.69609375 0.23515625 0.08671875 0.32109375
1 0.85390625 0.2328125 0.071875 0.321875
1 0.25703125 0.24375 0.12578125 0.3328125
1 0.40625 0.24375 0.1109375 0.3359375
1 0.553125 0.2390625 0.09765625 0.328125
1 0.10859375 0.246875 0.1328125 0.3359375
1 0.33125 0.67265625 0.10625 0.2796875
1 0.88046875 0.70390625 0.140625 0.2703125
1 0.1984375 0.72734375 0.15390625 0.23984375
1 0.73671875 0.7203125 0.07890625 0.2703125
1 0.60546875 0.75703125 0.08515625 0.17265625