2 0.840625 0.60859375 0.1359375 0.14609375
2 0.6859375 0.56875 0.13203125 0.14375
2 0.09609375 0.40703125 0.134375 0.15625
2 0.24609375 0.44765625 0.13359375 0.153125
2 0.39609375 0.4875 0.13359375 0.1484375
2 0.54921875 0.53046875 0.12109375 0.15234375
1 0.30078125 0.3890625 0.1390625 0.74921875
1 0.16171875 0.3703125 0.14453125 0.725
1 0.3203125 0.18046875 0.09140625 0.34453125
1 0.7484375 0.303125 0.1140625 0.33125
1 0.17734375 0.1578125 0.0859375 0.315625
1 0.60859375 0.265625 0.1078125 0.33671875
1 0.903125 0.34453125 0.11171875 0.3203125
1 0.46796875 0.22109375 0.09921875 0.33828125
1 0.68515625 0.73828125 0.0984375 0.2453125