2 0.0921875 0.5296875 0.14453125 0.153125
2 0.2421875 0.525 0.13671875 0.14609375
2 0.6953125 0.51015625 0.1359375 0.15
2 0.8546875 0.50546875 0.13984375 0.14765625
2 0.39765625 0.51953125 0.1328125 0.14453125
2 0.5515625 0.51875 0.1328125 0.15078125
1 0.55390625 0.2421875 0.09921875 0.32890625
1 0.85234375 0.2328125 0.07265625 0.32109375
1 0.696875 0.2359375 0.0859375 0.3203125
1 0.2546875 0.24296875 0.12578125 0.3328125
1 0.1078125 0.24609375 0.1328125 0.3375
1 0.33046875 0.6734375 0.10625 0.2765625