2 0.09296875 0.52734375 0.1390625 0.14375
2 0.24296875 0.52578125 0.13984375 0.1484375
1 0.8625 0.4359375 0.1234375 0.721875
2 0.39609375 0.51875 0.1296875 0.13984375
1 0.7140625 0.440625 0.12421875 0.7234375
1 0.5765625 0.44609375 0.14296875 0.7296875
1 0.55390625 0.23984375 0.0953125 0.32578125
1 0.4078125 0.2421875 0.11171875 0.32890625
1 0.85234375 0.23125 0.07265625 0.3203125
1 0.25546875 0.2421875 0.12265625 0.33203125
1 0.1078125 0.24609375 0.1296875 0.3359375
1 0.3296875 0.678125 0.1015625 0.2734375
2 0.70234375 0.496875 0.14609375 0.11484375
2 0.859375 0.51015625 0.15 0.16171875
2 0.5546875 0.51796875 0.12265625 0.15