2 0.053125 0.53203125 0.10625 0.1765625
2 0.3796875 0.52265625 0.1625 0.17109375
2 0.19921875 0.53046875 0.16484375 0.17578125
2 0.73125 0.51328125 0.1578125 0.17109375
2 0.91640625 0.50625 0.16015625 0.175
2 0.5609375 0.521875 0.15625 0.171875
1 0.73203125 0.19140625 0.1015625 0.37890625
1 0.915625 0.1890625 0.08671875 0.3734375
1 0.56171875 0.19453125 0.11640625 0.3859375
1 0.21171875 0.196875 0.14765625 0.3921875
1 0.05859375 0.2015625 0.1171875 0.396875
1 0.3015625 0.70859375 0.1234375 0.3203125
1 0.14453125 0.70390625 0.1296875 0.3359375