2 0.34609375 0.471875 0.14453125 0.14296875
2 0.70546875 0.4609375 0.1421875 0.13984375
2 0.89140625 0.45703125 0.1421875 0.140625
2 0.52421875 0.4640625 0.140625 0.14140625
2 0.16171875 0.4765625 0.14453125 0.14609375
1 0.93984375 0.4796875 0.1203125 0.50546875
1 0.33046875 0.20703125 0.0953125 0.31171875
1 0.5046875 0.20234375 0.10703125 0.30625
1 0.684375 0.20078125 0.12265625 0.30859375
1 0.15 0.21171875 0.08046875 0.31484375
1 0.86875 0.196875 0.13203125 0.30625
1 0.77578125 0.60234375 0.11875 0.26796875
2 0.83359375 0.42265625 0.109375 0.09453125
1 0.1203125 0.628125 0.0765625 0.25234375
1 0.28515625 0.61640625 0.0875 0.265625
1 0.4453125 0.6078125 0.0984375 0.265625
1 0.609375 0.60625 0.1125 0.2703125