2 0.5234375 0.4625 0.1390625 0.1390625
2 0.346875 0.4703125 0.140625 0.14140625
2 0.70546875 0.4609375 0.14140625 0.13984375
2 0.89140625 0.45703125 0.140625 0.140625
2 0.16171875 0.47578125 0.14296875 0.14453125
1 0.93984375 0.48125 0.115625 0.50234375
1 0.33203125 0.2078125 0.09375 0.31171875
1 0.5046875 0.203125 0.10546875 0.30859375
1 0.684375 0.20078125 0.1203125 0.31171875
1 0.15 0.21171875 0.078125 0.31484375
1 0.86796875 0.19765625 0.1296875 0.31015625
2 0.65546875 0.4328125 0.1 0.1046875
1 0.7765625 0.60234375 0.11484375 0.26171875
1 0.60703125 0.60703125 0.10703125 0.2640625
2 0.8359375 0.428125 0.109375 0.10234375
1 0.28359375 0.61875 0.08359375 0.25546875