1 0.48203125 0.39921875 0.17890625 0.7
2 0.346875 0.47109375 0.13671875 0.13671875
2 0.1609375 0.47421875 0.13828125 0.13984375
1 0.65859375 0.39453125 0.2078125 0.69609375
2 0.88984375 0.4578125 0.13828125 0.13671875
1 0.33203125 0.20546875 0.0921875 0.30859375
1 0.15078125 0.209375 0.07890625 0.31171875
1 0.50546875 0.2 0.10546875 0.30546875
1 0.68515625 0.19921875 0.1203125 0.3078125
1 0.9421875 0.4828125 0.11171875 0.49375
1 0.86953125 0.196875 0.12890625 0.30546875
2 0.69609375 0.459375 0.1828125 0.1609375
1 0.60859375 0.6046875 0.10703125 0.26640625
1 0.284375 0.61796875 0.08203125 0.25859375
1 0.44296875 0.60859375 0.0921875 0.259375
1 0.1203125 0.6296875 0.07421875 0.2484375