2 0.35703125 0.4296875 0.1453125 0.1375
2 0.88828125 0.56484375 0.1484375 0.13046875
2 0.178125 0.3859375 0.14609375 0.14296875
2 0.53046875 0.46953125 0.1453125 0.1359375
2 0.70703125 0.51953125 0.146875 0.13359375
1 0.23515625 0.14140625 0.16015625 0.2828125
1 0.40859375 0.171875 0.16484375 0.30859375
1 0.57890625 0.2109375 0.17890625 0.3046875
1 0.7515625 0.259375 0.18828125 0.30625
1 0.91875 0.3046875 0.16171875 0.296875
1 0.13828125 0.459375 0.21640625 0.3890625
1 0.4171875 0.58828125 0.14609375 0.2765625
1 0.63359375 0.5859375 0.27421875 0.39296875
0 0.9078125 0.709375 0.15234375 0.2578125