2 0.31953125 0.465625 0.165625 0.16484375
2 0.5265625 0.45625 0.165625 0.165625
2 0.0984375 0.471875 0.1671875 0.165625
2 0.9390625 0.44765625 0.121875 0.1578125
2 0.74140625 0.45546875 0.165625 0.16484375
1 0.5046875 0.165625 0.125 0.3265625
1 0.71640625 0.1640625 0.1453125 0.32578125
1 0.3 0.16796875 0.11484375 0.3359375
1 0.0875 0.171875 0.09765625 0.34140625
1 0.92890625 0.16171875 0.140625 0.3234375
2 0.47421875 0.4109375 0.1078125 0.1
2 0.68046875 0.409375 0.11640625 0.1046875
1 0.4328125 0.6296875 0.11171875 0.30390625
1 0.62734375 0.628125 0.1328125 0.30859375
2 0.8875 0.40234375 0.13359375 0.1203125
1 0.82421875 0.62421875 0.13828125 0.3046875
1 0.05390625 0.65234375 0.09453125 0.28984375
1 0.2453125 0.63984375 0.10390625 0.303125