2 0.8109375 0.490625 0.06328125 0.10625
2 0.8859375 0.5234375 0.06640625 0.109375
2 0.96171875 0.5625 0.065625 0.10390625
2 0.73671875 0.459375 0.059375 0.10625
2 0.35234375 0.2890625 0.0625 0.1140625
2 0.6546875 0.42265625 0.05859375 0.1109375
2 0.0796875 0.16484375 0.065625 0.12421875
2 0.14765625 0.1953125 0.06171875 0.11796875
2 0.21875 0.22734375 0.06484375 0.1171875
2 0.4234375 0.31796875 0.06171875 0.1171875
2 0.28828125 0.259375 0.05625 0.11328125
1 0.6828125 0.22578125 0.06015625 0.2484375
1 0.75625 0.2546875 0.0703125 0.240625
1 0.11171875 0.21640625 0.0578125 0.415625
1 0.17265625 0.225 0.05859375 0.4375
1 0.8296875 0.28828125 0.07734375 0.2359375
1 0.90625 0.325 0.08046875 0.23984375
1 0.45234375 0.12109375 0.0546875 0.2421875
1 0.38203125 0.1078125 0.05078125 0.21328125
1 0.9703125 0.35859375 0.05859375 0.23515625
1 0.31640625 0.09375 0.046875 0.184375
1 0.2484375 0.08125 0.0421875 0.153125
1 0.1796875 0.065625 0.0390625 0.1234375
1 0.8296875 0.61015625 0.071875 0.21484375
1 0.690625 0.5546875 0.0578125 0.20625
1 0.759375 0.58046875 0.06640625 0.21796875
1 0.89921875 0.640625 0.0734375 0.215625
2 0.95078125 0.75390625 0.03984375 0.05078125
1 0.1140625 0.05078125 0.0390625 0.09609375