2 0.8765625 0.34140625 0.0625 0.11171875
2 0.721875 0.3484375 0.059375 0.109375
2 0.95703125 0.3375 0.0609375 0.11171875
2 0.79609375 0.34375 0.06015625 0.11171875
1 0.63203125 0.3015625 0.0546875 0.56484375
2 0.046875 0.378125 0.06796875 0.11875
2 0.11640625 0.3765625 0.06640625 0.1171875
2 0.19140625 0.37265625 0.06796875 0.11484375
1 0.409375 0.30703125 0.0546875 0.565625
2 0.32890625 0.36484375 0.0640625 0.1171875
1 0.2734375 0.315625 0.0734375 0.56953125
1 0.71484375 0.1453125 0.0421875 0.246875
1 0.78984375 0.13828125 0.04765625 0.24140625
1 0.97578125 0.36328125 0.0484375 0.37734375
1 0.86640625 0.13828125 0.053125 0.24375
1 0.94609375 0.13515625 0.05625 0.23984375
1 0.1234375 0.16171875 0.0578125 0.2578125
1 0.2625 0.15859375 0.04765625 0.25390625
1 0.0546875 0.16484375 0.06328125 0.26171875
1 0.8359375 0.44765625 0.0484375 0.21953125
1 0.69765625 0.45859375 0.0375 0.209375
1 0.765625 0.45 0.04375 0.21796875
1 0.90859375 0.44765625 0.05 0.2109375