2 0.66875 0.325 0.0703125 0.128125
2 0.8515625 0.31484375 0.0734375 0.13125
2 0.0484375 0.3546875 0.07734375 0.1359375
2 0.94296875 0.3125 0.0734375 0.1296875
2 0.759375 0.321875 0.07109375 0.1265625
2 0.134375 0.34921875 0.07578125 0.13828125
2 0.2984375 0.34375 0.07421875 0.1359375
2 0.38515625 0.33984375 0.07421875 0.1359375
2 0.2203125 0.346875 0.06875 0.13359375
1 0.659375 0.11875 0.04140625 0.228125
1 0.7515625 0.11171875 0.04765625 0.221875
1 0.8390625 0.11015625 0.0515625 0.21640625
1 0.93046875 0.1078125 0.05546875 0.21171875
1 0.97578125 0.3265625 0.046875 0.484375
1 0.38671875 0.125 0.04296875 0.23515625
1 0.30078125 0.1234375 0.04921875 0.240625
1 0.14140625 0.12578125 0.0609375 0.24609375
1 0.22109375 0.125 0.05390625 0.24140625
1 0.0578125 0.1265625 0.06328125 0.24765625
1 0.7296875 0.453125 0.0453125 0.240625
1 0.8109375 0.4421875 0.0515625 0.24765625
2 0.82734375 0.2796875 0.04609375 0.07890625
1 0.89375 0.43828125 0.05625 0.25
2 0.91484375 0.28046875 0.053125 0.09296875
2 0.74140625 0.278125 0.05234375 0.096875
1 0.3953125 0.52421875 0.059375 0.21015625
1 0.35859375 0.5375 0.1484375 0.25234375