2 0.8765625 0.340625 0.0625 0.1125
2 0.9578125 0.33671875 0.0609375 0.1125
2 0.7203125 0.3484375 0.0609375 0.115625
2 0.796875 0.34296875 0.0609375 0.1125
2 0.046875 0.378125 0.06796875 0.11953125
2 0.1890625 0.37265625 0.06640625 0.11640625
2 0.115625 0.3765625 0.065625 0.11796875
1 0.6328125 0.3015625 0.0515625 0.559375
1 0.40625 0.31015625 0.0546875 0.56796875
2 0.32734375 0.365625 0.0640625 0.11796875
1 0.275 0.31640625 0.0734375 0.56953125
1 0.78984375 0.140625 0.046875 0.2421875
1 0.86640625 0.1375 0.0515625 0.2421875
1 0.94609375 0.1359375 0.05546875 0.23984375
1 0.97578125 0.36640625 0.04765625 0.375
1 0.12265625 0.16015625 0.05625 0.25859375
1 0.26171875 0.15859375 0.04609375 0.25234375
1 0.05390625 0.1625 0.0609375 0.2609375
1 0.8359375 0.44765625 0.0484375 0.21484375
1 0.90859375 0.44609375 0.05 0.2125
1 0.76640625 0.44921875 0.04140625 0.21484375
1 0.69765625 0.4578125 0.03828125 0.2078125
2 0.7046875 0.31171875 0.0421875 0.07578125
2 0.4046875 0.3578125 0.07734375 0.1203125
1 0.4046875 0.1609375 0.05703125 0.26171875
1 0.1859375 0.1609375 0.04375 0.28515625
1 0.12578125 0.53671875 0.1078125 0.225