1 0.85234375 0.29375 0.08203125 0.55390625
1 0.93203125 0.29296875 0.096875 0.55625
1 0.70546875 0.29765625 0.06171875 0.5640625
2 0.7984375 0.3421875 0.06171875 0.11171875
2 0.11640625 0.37734375 0.065625 0.115625
1 0.71484375 0.14296875 0.0421875 0.24453125
2 0.19140625 0.3734375 0.06796875 0.11484375
2 0.046875 0.3796875 0.06875 0.1171875
1 0.78984375 0.13984375 0.046875 0.2421875
1 0.63359375 0.3015625 0.05703125 0.5640625
1 0.33671875 0.31171875 0.06015625 0.57421875
1 0.8671875 0.1375 0.0515625 0.24140625
1 0.40703125 0.309375 0.05546875 0.56953125
1 0.2734375 0.315625 0.071875 0.5765625
1 0.94609375 0.1359375 0.0546875 0.2421875
1 0.2625 0.159375 0.046875 0.25390625
1 0.12421875 0.16015625 0.05703125 0.2578125
1 0.40234375 0.15390625 0.0375 0.2515625
1 0.6375 0.1453125 0.0375 0.2421875
1 0.05546875 0.1625 0.06171875 0.26015625
1 0.909375 0.44453125 0.0515625 0.2203125
1 0.76640625 0.446875 0.04375 0.22421875
1 0.09453125 0.459375 0.0578125 0.28046875
2 0.40703125 0.36171875 0.07734375 0.1171875
2 0.3328125 0.37265625 0.0671875 0.1171875
2 0.265625 0.3703125 0.07109375 0.0875
1 0.41484375 0.51015625 0.03984375 0.2078125
2 0.6421875 0.34921875 0.06484375 0.1078125
2 0.7171875 0.3328125 0.07265625 0.159375
2 0.86796875 0.31796875 0.07734375 0.16484375