2 0.46484375 0.61875 0.1203125 0.14296875
2 0.19296875 0.43515625 0.09375 0.1265625
2 0.65390625 0.73203125 0.1421875 0.15546875
1 0.76953125 0.63203125 0.2953125 0.6765625
2 0.31640625 0.51953125 0.10546875 0.1359375
2 0.07734375 0.3703125 0.08359375 0.1234375
1 0.08828125 0.11640625 0.0734375 0.2328125
1 0.32109375 0.21171875 0.0796875 0.275
1 0.459375 0.27890625 0.0984375 0.28828125
1 0.62578125 0.3578125 0.12578125 0.30625
1 0.8359375 0.453125 0.15859375 0.3203125
2 0.28046875 0.40390625 0.084375 0.08671875
2 0.17890625 0.34140625 0.1 0.0890625
2 0.421875 0.4828125 0.11796875 0.103125
2 0.56640625 0.57734375 0.12265625 0.11015625
2 0.53984375 0.58828125 0.0625 0.06015625
1 0.03046875 0.290625 0.05390625 0.04453125