2 0.44375 0.58828125 0.0921875 0.12578125
2 0.2625 0.38203125 0.071875 0.11171875
2 0.18125 0.3015625 0.05859375 0.1
2 0.1171875 0.2328125 0.0578125 0.10390625
2 0.571875 0.71953125 0.10625 0.13828125
2 0.3453125 0.4765625 0.0828125 0.11796875
1 0.70546875 0.6703125 0.3671875 0.540625
1 0.25546875 0.09609375 0.0953125 0.1921875
1 0.33125 0.1515625 0.10859375 0.2265625
1 0.6375 0.40703125 0.16015625 0.2640625
1 0.78984375 0.52890625 0.18828125 0.25625
1 0.4984375 0.696875 0.12890625 0.20078125
0 0.61015625 0.83203125 0.128125 0.18125
2 0.51640625 0.57890625 0.05078125 0.05625
2 0.57421875 0.88984375 0.08828125 0.08203125