2 0.63203125 0.696875 0.11640625 0.12734375
2 0.05703125 0.33515625 0.06640625 0.1
2 0.13828125 0.3875 0.06640625 0.10078125
2 0.46953125 0.6 0.103125 0.121875
2 0.34375 0.51484375 0.0890625 0.1125
1 0.7203125 0.6109375 0.25859375 0.5734375
2 0.23984375 0.446875 0.0796875 0.1109375
1 0.240625 0.2046875 0.0578125 0.22421875
1 0.3484375 0.25234375 0.06796875 0.23125
1 0.46484375 0.315625 0.08671875 0.24921875
1 0.14921875 0.1625 0.06015625 0.21875
1 0.6046875 0.37734375 0.1046875 0.2578125
1 0.7859375 0.46015625 0.1359375 0.2703125
1 0.5484375 0.68984375 0.09765625 0.20546875