2 0.63125 0.69609375 0.115625 0.12890625
1 0.71484375 0.6140625 0.2703125 0.575
1 0.2359375 0.33359375 0.08203125 0.475
2 0.46640625 0.6 0.1 0.12109375
1 0.3375 0.38671875 0.1109375 0.4953125
1 0.14375 0.2921875 0.11171875 0.475
2 0.05625 0.33671875 0.06171875 0.09375
1 0.34765625 0.253125 0.06796875 0.23125
1 0.60703125 0.3765625 0.10078125 0.253125
1 0.1484375 0.1625 0.059375 0.21875
1 0.465625 0.31484375 0.08515625 0.24765625
1 0.78671875 0.459375 0.13515625 0.26875
2 0.2359375 0.453125 0.09453125 0.11796875
2 0.34921875 0.51953125 0.134375 0.11484375
1 0.55 0.68515625 0.09765625 0.21328125
2 0.4828125 0.6 0.1671875 0.13046875