2 0.634375 0.696875 0.10859375 0.1265625
2 0.46640625 0.5953125 0.09921875 0.11484375
2 0.05625 0.33515625 0.065625 0.1
2 0.1390625 0.3890625 0.0671875 0.103125
2 0.34453125 0.51484375 0.0890625 0.1125
2 0.23984375 0.446875 0.07890625 0.11015625
1 0.7203125 0.61640625 0.2578125 0.57421875
1 0.60703125 0.38046875 0.1 0.25390625
1 0.34921875 0.2546875 0.0703125 0.23515625
1 0.4640625 0.31015625 0.0828125 0.24375
1 0.78828125 0.4609375 0.13359375 0.26875
1 0.14921875 0.16171875 0.05859375 0.21796875
1 0.546875 0.6921875 0.0796875 0.196875