2 0.34765625 0.30625 0.13046875 0.1125
2 0.52109375 0.38671875 0.1140625 0.10390625
1 0.2171875 0.371875 0.19921875 0.49140625
1 0.39296875 0.44375 0.16171875 0.48125
2 0.78125 0.525 0.0921875 0.08984375
2 0.89765625 0.57890625 0.08359375 0.08828125
2 0.66015625 0.45859375 0.10625 0.09921875
1 0.5390625 0.51640625 0.1328125 0.45859375
1 0.6640625 0.57734375 0.115625 0.44609375
1 0.88359375 0.66484375 0.103125 0.42734375
1 0.77578125 0.6203125 0.09609375 0.44296875
1 0.41953125 0.29609375 0.09609375 0.17734375
1 0.25 0.22109375 0.10859375 0.1828125
2 0.9796875 0.6265625 0.03515625 0.0796875
1 0.66796875 0.3984375 0.0765625 0.1