2 0.36953125 0.334375 0.109375 0.09453125
2 0.92578125 0.6078125 0.06875 0.071875
1 0.4078125 0.4515625 0.13671875 0.4046875
1 0.259375 0.39140625 0.16875 0.41953125
2 0.51796875 0.403125 0.09375 0.0859375
1 0.53515625 0.51875 0.11015625 0.3796875
2 0.6359375 0.46640625 0.0875 0.08203125
1 0.8265625 0.640625 0.08671875 0.359375
1 0.73125 0.60234375 0.08125 0.37421875
1 0.63671875 0.565625 0.08984375 0.378125
2 0.84140625 0.56640625 0.06953125 0.075
2 0.73828125 0.51875 0.07890625 0.0765625
1 0.43125 0.328125 0.08203125 0.15703125
1 0.28828125 0.2625 0.0984375 0.16796875
1 0.7328125 0.45703125 0.06796875 0.0921875