2 0.44609375 0.5875 0.0875 0.09375
2 0.56484375 0.68203125 0.09765625 0.09921875
2 0.12734375 0.31484375 0.05859375 0.07734375
2 0.275 0.4359375 0.071875 0.08671875
2 0.3546875 0.50625 0.07734375 0.0875
2 0.1953125 0.37265625 0.0625 0.07890625
1 0.68828125 0.64765625 0.2953125 0.40546875
1 0.33046875 0.29375 0.1234375 0.23984375
1 0.2703125 0.20390625 0.09609375 0.16484375
1 0.63046875 0.46015625 0.140625 0.18359375
1 0.76328125 0.5421875 0.15625 0.190625
1 0.5265625 0.38203125 0.1265625 0.17421875
2 0.20703125 0.31171875 0.0625 0.06015625
2 0.65234375 0.6703125 0.08515625 0.07578125
2 0.43984375 0.4984375 0.06875 0.065625