1 0.36015625 0.43984375 0.10078125 0.3796875
1 0.26171875 0.3921875 0.0875 0.365625
1 0.4703125 0.4859375 0.1046875 0.384375
1 0.72890625 0.61015625 0.175 0.41328125
1 0.17109375 0.3625 0.0984375 0.35078125
1 0.5875 0.5484375 0.1328125 0.4015625
2 0.07265625 0.390625 0.06640625 0.07421875
1 0.3703125 0.33515625 0.06328125 0.17578125
1 0.76953125 0.49453125 0.1046875 0.18828125
1 0.6109375 0.43671875 0.0875 0.1828125
1 0.16953125 0.25703125 0.06171875 0.1640625
2 0.128125 0.39140625 0.16875 0.096875
2 0.37109375 0.53515625 0.11484375 0.09765625
2 0.4890625 0.59375 0.109375 0.09921875
2 0.6640625 0.65390625 0.1828125 0.14921875