2 0.48125 0.59375 0.09609375 0.0890625
2 0.6328125 0.6640625 0.10625 0.09296875
2 0.259375 0.47890625 0.07734375 0.08125
2 0.07265625 0.38984375 0.065625 0.07734375
2 0.15859375 0.43359375 0.06796875 0.0796875
2 0.36171875 0.5328125 0.08515625 0.0875
1 0.72578125 0.609375 0.18515625 0.41640625
1 0.36953125 0.33359375 0.0625 0.17421875
1 0.76953125 0.49375 0.1046875 0.1875
1 0.6109375 0.4359375 0.08828125 0.18359375
1 0.48046875 0.38125 0.0734375 0.175
1 0.16953125 0.25546875 0.06015625 0.16171875
2 0.56015625 0.56640625 0.084375 0.06015625
2 0.14296875 0.36796875 0.0546875 0.0453125
1 0.5734375 0.6671875 0.08828125 0.15078125
2 0.4375 0.5078125 0.0734375 0.05703125
2 0.33828125 0.4515625 0.071875 0.0484375
2 0.23125 0.409375 0.06484375 0.04765625