2 0.734375 0.77109375 0.04140625 0.13359375
1 0.79375 0.2390625 0.1078125 0.28984375
1 0.8640625 0.4515625 0.16015625 0.58671875
2 0.07421875 0.30546875 0.03984375 0.10625
2 0.74296875 0.3578125 0.034375 0.12890625
2 0.73125 0.65703125 0.034375 0.11328125
1 0.84296875 0.75625 0.21015625 0.48203125
2 0.73828125 0.5625 0.0359375 0.1109375
2 0.740625 0.49140625 0.03359375 0.11015625
1 0.85625 0.25390625 0.08984375 0.2421875
2 0.7703125 0.39375 0.04453125 0.06328125
2 0.7484375 0.11796875 0.02578125 0.0703125
2 0.771875 0.3546875 0.0390625 0.04765625
1 0.8296875 0.70546875 0.08359375 0.16875