1 0.89140625 0.66484375 0.10859375 0.56484375
2 0.053125 0.4625 0.03359375 0.109375
2 0.7421875 0.4734375 0.02734375 0.121875
2 0.759375 0.56484375 0.034375 0.11875
2 0.778125 0.678125 0.0265625 0.13359375
2 0.7140625 0.315625 0.0171875 0.10703125
2 0.73203125 0.39296875 0.01953125 0.0984375
1 0.7953125 0.1171875 0.04921875 0.2078125
1 0.7390625 0.20234375 0.0453125 0.14140625
1 0.91328125 0.5078125 0.075 0.26015625
2 0.20390625 0.09453125 0.01953125 0.08125
2 0.68984375 0.09453125 0.02890625 0.1171875
2 0.7234375 0.29921875 0.0515625 0.1390625
1 0.8296875 0.52421875 0.10625 0.575
1 0.85 0.296875 0.06171875 0.2515625
2 0.753125 0.396875 0.06015625 0.115625
2 0.70703125 0.253125 0.015625 0.0984375
1 0.8734375 0.39453125 0.06640625 0.25625
2 0.6765625 0.0890625 0.01875 0.11171875
2 0.79609375 0.575 0.046875 0.05234375
2 0.665625 0.03828125 0.01875 0.0765625
0 0.1375 0.10546875 0.11015625 0.17578125