2 0.7890625 0.47734375 0.03046875 0.13359375
2 0.828125 0.71328125 0.03203125 0.16171875
2 0.7984375 0.57890625 0.02578125 0.14609375
1 0.9171875 0.58984375 0.146875 0.7578125
1 0.86484375 0.11484375 0.059375 0.22734375
2 0.74375 0.221875 0.02421875 0.1328125
2 0.77265625 0.371875 0.02265625 0.13515625
2 0.753125 0.28125 0.021875 0.12890625
1 0.78359375 0.14765625 0.05703125 0.19765625
2 0.86796875 0.70546875 0.08828125 0.08984375
1 0.88359375 0.2390625 0.08828125 0.33671875
2 0.815625 0.46328125 0.071875 0.11015625
2 0.82734375 0.58046875 0.07890625 0.1703125
2 0.15078125 0.034375 0.02109375 0.06875
1 0.9390625 0.36796875 0.08125 0.31640625
2 0.8171875 0.35625 0.0609375 0.0921875