1 0.890625 0.66875 0.10625 0.56796875
1 0.74140625 0.20625 0.04765625 0.146875
1 0.79609375 0.115625 0.04765625 0.20625
2 0.8078125 0.675 0.08515625 0.1390625
2 0.78046875 0.56484375 0.071875 0.1171875
1 0.9125 0.509375 0.075 0.2625
2 0.73515625 0.31015625 0.06015625 0.10859375
1 0.8328125 0.2265625 0.0515625 0.22578125
1 0.8734375 0.39140625 0.0640625 0.2625
2 0.753125 0.5625 0.02265625 0.12890625
2 0.76640625 0.478125 0.06875 0.11875
2 0.74140625 0.475 0.0203125 0.121875
2 0.85625 0.92734375 0.06484375 0.07265625
2 0.7546875 0.396875 0.0640625 0.11640625
2 0.7765625 0.67578125 0.02578125 0.14140625
2 0.825 0.8078125 0.0546875 0.06328125
2 0.73046875 0.3859375 0.01875 0.10703125
2 0.05234375 0.46328125 0.03359375 0.1109375
2 0.71640625 0.3109375 0.01640625 0.096875