1 0.88984375 0.66484375 0.1078125 0.5703125
2 0.0515625 0.46171875 0.03359375 0.10859375
2 0.7578125 0.56328125 0.03125 0.121875
2 0.78359375 0.67890625 0.03828125 0.1390625
2 0.7203125 0.3125 0.03359375 0.11484375
2 0.73359375 0.39453125 0.0234375 0.10234375
2 0.74765625 0.47265625 0.0375 0.12421875
1 0.9140625 0.51015625 0.075 0.26328125
2 0.73125 0.25546875 0.05625 0.06640625
2 0.70625 0.2578125 0.01875 0.1078125
1 0.82421875 0.6578125 0.07890625 0.321875
2 0.20390625 0.09375 0.01953125 0.08359375
2 0.75234375 0.41171875 0.0640625 0.14140625
0 0.13359375 0.10625 0.1078125 0.19765625