1 0.5984375 0.759375 0.27890625 0.4203125
2 0.25390625 0.6359375 0.07421875 0.078125
1 0.82109375 0.86015625 0.3078125 0.2796875
2 0.3734375 0.76875 0.08828125 0.090625
1 0.39453125 0.45625 0.1203125 0.16640625
1 0.54296875 0.57109375 0.14375 0.17578125
1 0.6484375 0.6375 0.16953125 0.18203125
1 0.4859375 0.5140625 0.1375 0.17421875
1 0.3453125 0.40859375 0.11640625 0.16328125
2 0.2796875 0.5171875 0.08125 0.05390625
2 0.28984375 0.7046875 0.084375 0.10234375
2 0.5375 0.9515625 0.1171875 0.08671875
2 0.17734375 0.5765625 0.0671875 0.0890625
2 0.43671875 0.86796875 0.10859375 0.11171875
2 0.1484375 0.52421875 0.05390625 0.075
2 0.4359375 0.70390625 0.1140625 0.06953125
1 0.21640625 0.5203125 0.08515625 0.0234375
1 0.2453125 0.5765625 0.08203125 0.025
2 0.4953125 0.76640625 0.12890625 0.07109375
1 0.371875 0.7046875 0.09375 0.03125
2 0.39765625 0.6359375 0.0890625 0.06640625
1 0.534375 0.8609375 0.0984375 0.03203125