1 0.61640625 0.77734375 0.3078125 0.4390625
1 0.37578125 0.44921875 0.140625 0.19296875
2 0.35078125 0.82109375 0.10390625 0.1125
1 0.5484375 0.5859375 0.16796875 0.20859375
1 0.3203125 0.396875 0.13671875 0.19375
1 0.4859375 0.5203125 0.1609375 0.2078125
2 0.21015625 0.6625 0.0828125 0.09375
1 0.88515625 0.87734375 0.2296875 0.24296875
2 0.25703125 0.74765625 0.0859375 0.1078125
2 0.428125 0.93046875 0.12890625 0.12890625
2 0.13984375 0.521875 0.16875 0.075
2 0.43046875 0.7375 0.1546875 0.0859375
1 0.678125 0.65859375 0.19375 0.2125
2 0.37890625 0.6625 0.10625 0.07109375
2 0.12265625 0.5921875 0.0765625 0.1046875
1 0.20078125 0.5890625 0.096875 0.02890625
1 0.35 0.73828125 0.109375 0.03515625
1 0.46640625 0.81875 0.11015625 0.0328125
1 0.30859375 0.6609375 0.1 0.028125