1 0.8203125 0.859375 0.3078125 0.2796875
1 0.596875 0.75859375 0.2703125 0.415625
1 0.73515625 0.72109375 0.18359375 0.1921875
1 0.6515625 0.6359375 0.16328125 0.18125
2 0.53828125 0.95078125 0.11953125 0.0859375
2 0.3734375 0.76875 0.08671875 0.0921875
1 0.3953125 0.45546875 0.11796875 0.1625
1 0.4875 0.5140625 0.134375 0.1671875
1 0.35 0.4078125 0.11171875 0.15703125
1 0.54140625 0.571875 0.14375 0.17109375
2 0.25234375 0.63515625 0.06875 0.075
2 0.4375 0.865625 0.10703125 0.10859375
2 0.396875 0.634375 0.084375 0.0640625
2 0.2890625 0.7078125 0.071875 0.09296875
2 0.27734375 0.51875 0.071875 0.05
2 0.45 0.703125 0.13515625 0.06875
2 0.17890625 0.57734375 0.06484375 0.0875
1 0.47265625 0.76875 0.0984375 0.0265625
1 0.21875 0.52109375 0.0859375 0.025