1 0.41875 0.44140625 0.19609375 0.175
2 0.2328125 0.7484375 0.0859375 0.09375
1 0.6109375 0.7375 0.2625 0.1984375
1 0.49765625 0.5671875 0.2359375 0.20703125
1 0.69453125 0.853125 0.29765625 0.2125
2 0.18671875 0.6765625 0.07421875 0.0875
2 0.1890625 0.6 0.07265625 0.07734375
2 0.2453125 0.8484375 0.09921875 0.103125
2 0.14921875 0.5109375 0.07734375 0.13515625
2 0.290625 0.94453125 0.10078125 0.0859375
1 0.2171875 0.484375 0.078125 0.02734375
2 0.26640625 0.6890625 0.15859375 0.07578125
1 0.21796875 0.5421875 0.08125 0.0296875
2 0.3609375 0.68828125 0.146875 0.078125
2 0.46875 0.85546875 0.21328125 0.10390625
1 0.33984375 0.853125 0.09609375 0.0328125
1 0.32734375 0.75703125 0.0921875 0.03046875
2 0.41953125 0.6609375 0.140625 0.0703125
2 0.56484375 0.95390625 0.215625 0.0890625
2 0.27890625 0.48828125 0.08125 0.05625