1 0.6671875 0.81328125 0.29765625 0.3671875
1 0.8203125 0.86015625 0.30625 0.2765625
1 0.7359375 0.72109375 0.1828125 0.1953125
1 0.65078125 0.63828125 0.16328125 0.18203125
1 0.54140625 0.57109375 0.14140625 0.1765625
1 0.34765625 0.409375 0.11328125 0.1625
1 0.39453125 0.45625 0.11640625 0.165625
1 0.48828125 0.5140625 0.134375 0.17421875
2 0.375 0.77109375 0.09296875 0.0953125
2 0.2921875 0.70703125 0.0796875 0.09765625
2 0.4359375 0.86796875 0.109375 0.1125
2 0.5359375 0.95234375 0.1234375 0.0890625
2 0.25390625 0.6421875 0.071875 0.08671875
1 0.2171875 0.52109375 0.08359375 0.0234375
1 0.24609375 0.5765625 0.08046875 0.02421875
2 0.42109375 0.69921875 0.06640625 0.0640625
1 0.3375 0.6375 0.0875 0.02421875
1 0.47109375 0.76875 0.09140625 0.0265625
2 0.18046875 0.57890625 0.0640625 0.08671875
1 0.5359375 0.86171875 0.09453125 0.03046875
2 0.28359375 0.515625 0.075 0.05703125
1 0.49453125 0.6921875 0.171875 0.09609375