2 0.95 0.6109375 0.08671875 0.11875
2 0.6 0.38671875 0.04765625 0.09140625
1 0.725 0.3828125 0.09375 0.49765625
1 0.64140625 0.3265625 0.06953125 0.47734375
2 0.6828125 0.43828125 0.06015625 0.1046875
1 0.41171875 0.20703125 0.04375 0.40078125
2 0.36640625 0.228125 0.0375 0.08359375
2 0.47265625 0.29453125 0.04375 0.08828125
1 0.52265625 0.13359375 0.03046875 0.2
2 0.209375 0.12421875 0.02734375 0.07578125
2 0.24140625 0.1453125 0.0296875 0.07890625
1 0.659375 0.2046875 0.04453125 0.221875
2 0.10546875 0.05546875 0.0234375 0.06796875
1 0.746875 0.24765625 0.05625 0.23046875
2 0.18046875 0.10703125 0.0265625 0.07421875
2 0.52890625 0.33203125 0.040625 0.08359375
2 0.1546875 0.0875 0.02421875 0.07265625
2 0.12890625 0.0703125 0.025 0.06875
1 0.2890625 0.153125 0.046875 0.30625
1 0.5765625 0.43046875 0.0359375 0.17265625
1 0.24765625 0.03828125 0.02890625 0.0734375
1 0.28359375 0.04609375 0.0296875 0.09140625
2 0.45078125 0.25078125 0.0359375 0.07421875