2 0.85390625 0.7421875 0.06953125 0.1046875
2 0.9234375 0.84296875 0.0484375 0.10390625
1 0.70234375 0.47421875 0.13515625 0.39765625
1 0.6421875 0.41328125 0.1140625 0.4
1 0.54375 0.31171875 0.08671875 0.3953125
2 0.42890625 0.23125 0.0296875 0.07265625
1 0.49921875 0.25234375 0.07265625 0.375
2 0.46640625 0.27734375 0.03203125 0.07578125
1 0.59609375 0.34921875 0.090625 0.3890625
1 0.61875 0.25234375 0.0546875 0.18515625
2 0.3140625 0.0921875 0.021875 0.0671875
2 0.3390625 0.1203125 0.0234375 0.06875
1 0.525 0.1609375 0.04375 0.18125
1 0.571875 0.20859375 0.05 0.17890625
1 0.67265625 0.31171875 0.0625 0.18515625
2 0.29375 0.06875 0.0203125 0.06484375
1 0.7375 0.3734375 0.071875 0.19140625
1 0.9078125 0.89375 0.08125 0.20546875
1 0.37578125 0.13984375 0.0515625 0.2765625
2 0.27578125 0.0421875 0.01953125 0.06171875
1 0.48203125 0.14140625 0.04453125 0.2078125
1 0.94609375 0.5890625 0.09765625 0.19140625
0 0.85234375 0.80625 0.09609375 0.19375
2 0.025 0.52734375 0.03125 0.1125
2 0.2390625 0.015625 0.01875 0.03125
1 0.38671875 0.04765625 0.03203125 0.0921875