2 0.884375 0.5953125 0.075 0.10078125
1 0.69453125 0.3953125 0.07265625 0.4140625
1 0.56953125 0.31875 0.04453125 0.3796875
1 0.6234375 0.35078125 0.053125 0.3890625
2 0.38671875 0.26796875 0.03046875 0.06953125
2 0.475 0.32578125 0.03671875 0.07578125
2 0.96171875 0.66171875 0.0421875 0.10625
1 0.51796875 0.29140625 0.03671875 0.365625
2 0.4296875 0.29921875 0.03359375 0.07578125
2 0.65390625 0.44453125 0.04609375 0.0796875
1 0.7078125 0.284375 0.046875 0.19296875
2 0.1640625 0.12109375 0.01953125 0.05625
2 0.278125 0.1984375 0.0265625 0.06484375
2 0.2515625 0.17890625 0.02421875 0.06640625
1 0.946875 0.409375 0.071875 0.21640625
1 0.31953125 0.1765625 0.04296875 0.3265625
2 0.20546875 0.14765625 0.0234375 0.0609375
1 0.2890625 0.16015625 0.04140625 0.315625
2 0.22734375 0.16640625 0.02421875 0.06640625
2 0.04609375 0.71484375 0.04375 0.10546875
2 0.18515625 0.13125 0.0203125 0.05078125
2 0.58515625 0.40234375 0.0484375 0.0984375
2 0.52734375 0.35625 0.0546875 0.1109375
1 0.89453125 0.7203125 0.05859375 0.14921875