1 0.6953125 0.40078125 0.07109375 0.4265625
1 0.62421875 0.35 0.05625 0.396875
2 0.88359375 0.59296875 0.0734375 0.09453125
1 0.56953125 0.31328125 0.0421875 0.37734375
1 0.515625 0.2734375 0.03203125 0.36015625
1 0.4703125 0.26640625 0.0328125 0.3625
1 0.70859375 0.28515625 0.046875 0.19296875
2 0.65546875 0.44609375 0.05078125 0.08359375
2 0.38671875 0.26796875 0.03125 0.0671875
2 0.42890625 0.29765625 0.03515625 0.07421875
2 0.96171875 0.6609375 0.0421875 0.10234375
1 0.28984375 0.16015625 0.0453125 0.3203125
1 0.946875 0.40703125 0.071875 0.21953125
1 0.32109375 0.175 0.04375 0.32734375
1 0.20234375 0.12578125 0.04765625 0.25
2 0.1640625 0.12109375 0.01875 0.05546875
1 0.26484375 0.14609375 0.04296875 0.29140625
1 0.2828125 0.06953125 0.0296875 0.1390625
1 0.25703125 0.06171875 0.028125 0.12109375
2 0.184375 0.13515625 0.02265625 0.059375
1 0.3125 0.08359375 0.0296875 0.14609375
1 0.234375 0.05546875 0.0296875 0.10859375
2 0.90703125 0.5640625 0.0578125 0.07890625
2 0.503125 0.31796875 0.02734375 0.0625
2 0.25078125 0.17578125 0.02421875 0.06875
1 0.21171875 0.05 0.02734375 0.09921875
2 0.0453125 0.71328125 0.08359375 0.1390625