2 0.8828125 0.59375 0.0703125 0.09609375
2 0.6546875 0.4453125 0.04765625 0.08125
1 0.62265625 0.35078125 0.05859375 0.39453125
1 0.56484375 0.31484375 0.046875 0.3734375
2 0.42890625 0.29921875 0.034375 0.0765625
1 0.68671875 0.39609375 0.084375 0.41171875
2 0.47578125 0.32578125 0.0359375 0.075
2 0.38671875 0.26875 0.03125 0.06796875
1 0.91328125 0.534375 0.14375 0.46171875
1 0.634375 0.24609375 0.040625 0.184375
2 0.25234375 0.17890625 0.0234375 0.06484375
2 0.2796875 0.19921875 0.025 0.0640625
1 0.51875 0.27734375 0.0296875 0.36015625
2 0.1640625 0.12109375 0.01875 0.05546875
1 0.7078125 0.284375 0.04765625 0.19140625
2 0.22890625 0.165625 0.02265625 0.065625
2 0.20625 0.14765625 0.02109375 0.059375
1 0.94609375 0.40625 0.0734375 0.215625
2 0.18359375 0.134375 0.0203125 0.05625
1 0.32109375 0.17421875 0.04296875 0.32109375
1 0.290625 0.159375 0.0453125 0.3171875
2 0.04609375 0.71328125 0.0421875 0.10234375
2 0.5046875 0.31171875 0.0265625 0.06171875
1 0.3140625 0.084375 0.03046875 0.14921875