2 0.51953125 0.1078125 0.05859375 0.05234375
2 0.87265625 0.2484375 0.0640625 0.04453125
2 0.9359375 0.27890625 0.06484375 0.04609375
2 0.9828125 0.30703125 0.034375 0.05078125
2 0.8109375 0.22734375 0.0609375 0.046875
2 0.74140625 0.2 0.05859375 0.04765625
2 0.36640625 0.053125 0.06015625 0.05625
2 0.2890625 0.021875 0.05625 0.04375
1 0.11875 0.08359375 0.1296875 0.165625
1 0.26796875 0.11484375 0.10390625 0.2078125
1 0.5125 0.184375 0.06875 0.21328125
1 0.4265625 0.1828125 0.05546875 0.171875
1 0.97421875 0.42109375 0.0515625 0.0859375
1 0.3609375 0.13671875 0.0734375 0.21953125
1 0.728125 0.30390625 0.09609375 0.1375
1 0.2046875 0.10078125 0.09609375 0.18125
1 0.959375 0.37421875 0.078125 0.0984375
1 0.8265625 0.31328125 0.07890625 0.1015625
2 0.44375 0.0765625 0.059375 0.05390625
1 0.8984375 0.33515625 0.0859375 0.096875
2 0.221875 0.00546875 0.0375 0.0109375