2 0.09609375 0.528125 0.078125 0.0828125
2 0.46484375 0.4828125 0.071875 0.08046875
2 0.3734375 0.49296875 0.0734375 0.08203125
1 0.0359375 0.51015625 0.0703125 0.3453125
2 0.8390625 0.92890625 0.04609375 0.128125
2 0.81328125 0.82265625 0.03984375 0.11875
2 0.73125 0.56171875 0.059375 0.1609375
1 0.0890625 0.3515625 0.06953125 0.1890625
1 0.4546875 0.31484375 0.04140625 0.18125
1 0.36328125 0.321875 0.04765625 0.1828125
2 0.01328125 0.54375 0.0265625 0.0828125
2 0.7140625 0.52578125 0.02578125 0.08984375
2 0.75703125 0.66484375 0.028125 0.0984375
2 0.78046875 0.71484375 0.06953125 0.17109375
1 0.38671875 0.5640625 0.04140625 0.121875
1 0.94140625 0.81796875 0.115625 0.34453125
1 0.46875 0.54765625 0.0421875 0.1421875
1 0.13671875 0.57734375 0.0625 0.17109375
1 0.8609375 0.72578125 0.11171875 0.48125
1 0.80078125 0.3953125 0.0484375 0.1921875
2 0.0171875 0.5 0.034375 0.05390625
1 0.934375 0.66171875 0.075 0.2234375
1 0.81953125 0.45 0.053125 0.19453125
1 0.8546875 0.55859375 0.07578125 0.284375
2 0.3734375 0.45703125 0.05078125 0.06015625