2 0.04140625 0.71015625 0.03828125 0.025
2 0.64140625 0.82265625 0.034375 0.02578125
2 0.30390625 0.7609375 0.03671875 0.02578125
2 0.60625 0.8171875 0.03671875 0.02265625
2 0.67890625 0.83203125 0.034375 0.021875
2 0.08515625 0.71796875 0.0359375 0.0234375
1 0.559375 0.87578125 0.03125 0.05390625
2 0.75078125 0.84765625 0.0359375 0.0234375
2 0.3484375 0.77109375 0.0359375 0.0265625
2 0.25859375 0.74921875 0.0359375 0.0265625
2 0.2109375 0.7421875 0.03359375 0.02265625
1 0.3453125 0.8375 0.0296875 0.05078125
2 0.39296875 0.7765625 0.03515625 0.02734375
2 0.4375 0.78359375 0.03515625 0.02265625
1 0.4328125 0.84921875 0.02734375 0.0578125
1 0.596875 0.8828125 0.0328125 0.05546875
2 0.7140625 0.8375 0.0328125 0.0234375
1 0.3015625 0.8265625 0.03125 0.05078125
2 0.56875 0.80859375 0.03203125 0.0171875
1 0.25703125 0.8140625 0.034375 0.05625
1 0.38828125 0.84375 0.0265625 0.04921875
1 0.20390625 0.8078125 0.0265625 0.05
2 0.11171875 0.14140625 0.034375 0.02578125
2 0.37265625 0.2140625 0.0359375 0.025
2 0.15390625 0.15 0.034375 0.025
2 0.19375 0.15546875 0.034375 0.02578125
1 0.10078125 0.78671875 0.02109375 0.0453125
1 0.63203125 0.8875 0.0328125 0.053125
2 0.94609375 0.3109375 0.03671875 0.021875
2 0.659375 0.2859375 0.03359375 0.02265625
1 0.75078125 0.9171875 0.02578125 0.0484375
2 0.8328125 0.2859375 0.034375 0.02265625
2 0.87109375 0.29765625 0.03515625 0.0234375
1 0.221875 0.8078125 0.01640625 0.0421875
1 0.171875 0.11328125 0.025 0.04921875
1 0.675 0.9 0.03046875 0.05078125
1 0.73046875 0.91171875 0.02578125 0.0453125
1 0.21015625 0.11875 0.0234375 0.04921875
1 0.13125 0.10546875 0.025 0.05234375
0 0.37578125 0.13671875 0.1890625 0.08828125
0 0.6609375 0.20703125 0.16953125 0.08671875
1 0.9046875 0.22890625 0.09609375 0.0953125
1 0.8390625 0.209375 0.08046875 0.10859375