2 0.67109375 0.47265625 0.10390625 0.15
2 0.8 0.4875 0.115625 0.1546875
2 0.22265625 0.43671875 0.096875 0.13671875
2 0.92890625 0.49453125 0.1171875 0.15546875
2 0.334375 0.45 0.0984375 0.1390625
2 0.45546875 0.45703125 0.1 0.146875
2 0.56171875 0.46875 0.1 0.146875
1 0.578125 0.1984375 0.04921875 0.32109375
1 0.25078125 0.1859375 0.06015625 0.309375
1 0.8859375 0.65234375 0.0578125 0.21875
1 0.35703125 0.1921875 0.0515625 0.31171875
1 0.475 0.19765625 0.04765625 0.32109375
1 0.8046875 0.21015625 0.071875 0.3328125
1 0.56953125 0.63671875 0.05 0.225
1 0.6828125 0.2046875 0.06015625 0.3296875
1 0.9296875 0.215625 0.0796875 0.33515625
1 0.77265625 0.65390625 0.06484375 0.23671875
1 0.475 0.61875 0.04765625 0.2359375
1 0.66484375 0.64375 0.059375 0.23203125
1 0.2703125 0.5828125 0.0546875 0.2484375
1 0.36875 0.5984375 0.0515625 0.25390625