2 0.08984375 0.70859375 0.04765625 0.02265625
2 0.62734375 0.78984375 0.04609375 0.02421875
2 0.6734375 0.79765625 0.04765625 0.02265625
2 0.146875 0.7203125 0.04609375 0.021875
2 0.57734375 0.78203125 0.04375 0.021875
2 0.43203125 0.759375 0.04296875 0.021875
2 0.4828125 0.7671875 0.04375 0.0234375
2 0.0296875 0.69765625 0.04765625 0.021875
2 0.26328125 0.7328125 0.0453125 0.02109375
2 0.20625 0.72421875 0.0453125 0.02109375
0 0.18671875 0.09453125 0.234375 0.065625
2 0.92890625 0.26015625 0.0484375 0.0203125
0 0.55546875 0.1640625 0.1703125 0.0625
2 0.7796875 0.234375 0.0453125 0.021875
2 0.83046875 0.2453125 0.046875 0.0203125
2 0.0296875 0.721875 0.05078125 0.07265625
2 0.1828125 0.16171875 0.04453125 0.021875
2 0.55390625 0.23359375 0.04375 0.02109375
2 0.88125 0.2546875 0.04921875 0.0203125
1 0.47734375 0.83203125 0.03671875 0.08828125
1 0.78828125 0.16171875 0.10078125 0.0984375
1 0.91015625 0.17109375 0.10078125 0.109375
1 0.68203125 0.88515625 0.08671875 0.1359375
1 0.25859375 0.81640625 0.071875 0.11796875
1 0.2015625 0.80234375 0.0734375 0.11953125
1 0.14609375 0.79453125 0.08125 0.10078125
1 0.93046875 0.18125 0.1375 0.109375