2 0.46171875 0.46328125 0.0859375 0.125
2 0.26484375 0.44609375 0.08515625 0.11875
2 0.64609375 0.47578125 0.0890625 0.128125
2 0.36015625 0.45859375 0.0875 0.12265625
2 0.8640625 0.4953125 0.10234375 0.13359375
2 0.753125 0.48984375 0.096875 0.13125
2 0.55234375 0.47265625 0.0859375 0.1234375
1 0.37890625 0.23671875 0.04453125 0.2625
1 0.86484375 0.25546875 0.06796875 0.27578125
1 0.56640625 0.24609375 0.04609375 0.27734375
1 0.828125 0.63203125 0.05703125 0.21328125
1 0.28828125 0.23046875 0.053125 0.25859375
1 0.47890625 0.24296875 0.04296875 0.271875
1 0.73125 0.63203125 0.0546875 0.1984375
1 0.478125 0.60234375 0.03828125 0.19453125
1 0.75859375 0.25234375 0.06171875 0.27890625
1 0.5578125 0.61875 0.04375 0.19296875
1 0.3046875 0.5703125 0.04921875 0.21875
1 0.3890625 0.5859375 0.04453125 0.21796875
1 0.63984375 0.62421875 0.05078125 0.196875