0 0.43671875 0.34296875 0.2359375 0.1
0 0.8234375 0.46796875 0.25234375 0.17890625
1 0.1 0.21171875 0.08671875 0.36484375
1 0.14140625 0.12265625 0.04140625 0.16796875
1 0.2078125 0.22734375 0.06796875 0.36328125
1 0.15546875 0.22109375 0.07578125 0.36484375
1 0.1953125 0.13359375 0.0390625 0.1734375
1 0.75625 0.42265625 0.08671875 0.07265625
1 0.08125 0.11484375 0.046875 0.175
0 0.43359375 0.4609375 0.25703125 0.340625
2 0.44140625 0.41953125 0.05703125 0.0828125
2 0.83046875 0.521875 0.0546875 0.05859375
2 0.2015625 0.309375 0.05078125 0.11484375
2 0.08984375 0.303125 0.05390625 0.07890625
2 0.14765625 0.3171875 0.04609375 0.0984375