0 0.83984375 0.70234375 0.1671875 0.12890625
2 0.4640625 0.4171875 0.02578125 0.04453125
2 0.4359375 0.396875 0.0265625 0.04609375
2 0.40625 0.37578125 0.02578125 0.0453125
0 0.5890625 0.5234375 0.109375 0.09375
1 0.475 0.4 0.046875 0.221875
2 0.29140625 0.3203125 0.034375 0.05859375
1 0.27734375 0.296875 0.03125 0.2234375
2 0.1734375 0.38125 0.02265625 0.05078125
1 0.26015625 0.30625 0.0296875 0.22734375
2 0.225 0.35546875 0.01796875 0.046875
1 0.19921875 0.31953125 0.0265625 0.21796875
2 0.2453125 0.34609375 0.01796875 0.0484375
1 0.14921875 0.31015625 0.0265625 0.16484375
1 0.42890625 0.30078125 0.02421875 0.09296875
1 0.2828125 0.2328125 0.0203125 0.0953125
1 0.265625 0.2421875 0.0203125 0.0984375
1 0.45625 0.31953125 0.025 0.090625
1 0.2265625 0.25625 0.0203125 0.1015625
1 0.2421875 0.24609375 0.01953125 0.09609375
1 0.4859375 0.3375 0.02578125 0.0921875
2 0.5921875 0.50546875 0.0328125 0.0390625
1 0.2109375 0.3875 0.0265625 0.1046875
0 0.79453125 0.66875 0.06484375 0.05859375
1 0.24609375 0.40859375 0.02421875 0.1078125