2 0.45546875 0.04609375 0.07109375 0.05234375
2 0.17734375 0.06484375 0.07421875 0.0515625
1 0.45625 0.1828125 0.05625 0.16796875
2 0.08046875 0.0671875 0.07734375 0.05234375
2 0.72421875 0.03046875 0.06953125 0.05234375
2 0.271875 0.06484375 0.0734375 0.0515625
1 0.73671875 0.13984375 0.08515625 0.1640625
2 0.88203125 0.0203125 0.0765625 0.040625
2 0.80625 0.0265625 0.07421875 0.0515625
2 0.9578125 0.02265625 0.07734375 0.04453125
2 0.36171875 0.0515625 0.07265625 0.053125
1 0.36328125 0.17890625 0.08046875 0.1796875
1 0.81171875 0.14140625 0.125 0.1984375
1 0.27578125 0.159375 0.1 0.23671875
1 0.9375 0.14140625 0.12421875 0.18984375
1 0.18515625 0.16171875 0.11484375 0.24140625
2 0.0109375 0.0828125 0.02109375 0.0421875
1 0.0796875 0.17265625 0.159375 0.23359375