2 0.1828125 0.16171875 0.0453125 0.02265625
2 0.55390625 0.23359375 0.04453125 0.02109375
2 0.08984375 0.70859375 0.04765625 0.021875
2 0.6265625 0.7890625 0.0453125 0.021875
2 0.20625 0.72421875 0.0453125 0.02109375
0 0.19765625 0.0953125 0.215625 0.06328125
2 0.02890625 0.696875 0.04765625 0.0203125
2 0.928125 0.26015625 0.0484375 0.01953125
2 0.48359375 0.76640625 0.04375 0.021875
2 0.8296875 0.24609375 0.04609375 0.0203125
2 0.14765625 0.71953125 0.046875 0.021875
2 0.7796875 0.23515625 0.0453125 0.0203125
2 0.57734375 0.78125 0.04296875 0.0203125
2 0.43203125 0.75859375 0.04453125 0.02109375
2 0.88125 0.2546875 0.04765625 0.0203125
2 0.6734375 0.79765625 0.046875 0.021875
2 0.26328125 0.7328125 0.0453125 0.02109375