2 0.06171875 0.5359375 0.06640625 0.0703125
1 0.4703125 0.4359375 0.05390625 0.3390625
2 0.15625 0.52109375 0.0640625 0.06953125
1 0.39296875 0.4421875 0.06328125 0.34296875
2 0.82578125 0.95 0.04453125 0.08359375
1 0.0296875 0.5515625 0.05625 0.221875
1 0.846875 0.7296875 0.10390625 0.39140625
2 0.68203125 0.5234375 0.02265625 0.0796875
2 0.78828125 0.865625 0.03828125 0.1125
2 0.765625 0.7703125 0.03203125 0.09609375
2 0.73359375 0.70625 0.02890625 0.09453125
2 0.71953125 0.6375 0.02578125 0.08203125
1 0.1484375 0.371875 0.05625 0.15859375
2 0.6921875 0.5796875 0.0234375 0.08203125
1 0.38359375 0.35 0.04140625 0.15703125
1 0.928125 0.8515625 0.12578125 0.28203125
1 0.46171875 0.34140625 0.034375 0.15234375
1 0.75625 0.4109375 0.03984375 0.16484375
1 0.86953125 0.63359375 0.06171875 0.190625
1 0.77265625 0.4578125 0.04453125 0.1640625
1 0.8078125 0.51953125 0.05 0.171875
1 0.05625 0.38203125 0.065625 0.1625
1 0.828125 0.57265625 0.05390625 0.178125
1 0.10703125 0.57890625 0.05625 0.14375
1 0.190625 0.5671875 0.05078125 0.140625
2 0.765625 0.7046875 0.034375 0.03203125
2 0.7203125 0.57421875 0.04140625 0.03828125
2 0.47109375 0.48828125 0.0625 0.10625
2 0.39296875 0.5 0.065625 0.0734375