2 0.63359375 0.62890625 0.096875 0.0984375
2 0.74375 0.64140625 0.1 0.1
2 0.5359375 0.62734375 0.0953125 0.09921875
2 0.8546875 0.646875 0.103125 0.1
2 0.4375 0.61640625 0.09375 0.09765625
2 0.32734375 0.6109375 0.0921875 0.09609375
2 0.221875 0.6 0.08984375 0.096875
1 0.34140625 0.4265625 0.04375 0.2015625
1 0.54375 0.44296875 0.05546875 0.209375
1 0.74921875 0.45 0.06015625 0.20546875
1 0.44921875 0.4328125 0.0484375 0.20390625
1 0.2375 0.41796875 0.04296875 0.19921875
2 0.0171875 0.73515625 0.034375 0.11875
1 0.6390625 0.44375 0.059375 0.209375
1 0.82421875 0.7421875 0.06484375 0.19375
1 0.52734375 0.73671875 0.04609375 0.14140625
2 0.9859375 0.890625 0.028125 0.1328125
1 0.8578125 0.4578125 0.06796875 0.21328125
1 0.4359375 0.7203125 0.0515625 0.171875
1 0.33359375 0.71875 0.0421875 0.14453125
1 0.71953125 0.75234375 0.0625 0.165625
1 0.615625 0.73984375 0.0578125 0.1640625
1 0.2359375 0.70390625 0.04765625 0.16640625