2 0.7875 0.66640625 0.11796875 0.11640625
2 0.54375 0.64921875 0.11328125 0.11484375
2 0.65703125 0.65234375 0.1140625 0.11484375
2 0.42734375 0.6359375 0.1125 0.1140625
2 0.91796875 0.6734375 0.1203125 0.11640625
2 0.17109375 0.61640625 0.10546875 0.1125
2 0.29609375 0.63203125 0.10859375 0.11171875
1 0.55234375 0.43046875 0.06328125 0.24375
1 0.4390625 0.41875 0.05703125 0.24140625
1 0.3125 0.41875 0.0546875 0.240625
1 0.790625 0.44296875 0.0765625 0.24375
1 0.18984375 0.403125 0.05078125 0.23671875
1 0.53203125 0.77890625 0.05546875 0.1703125
1 0.88046875 0.79765625 0.075 0.203125
1 0.66328125 0.4328125 0.0703125 0.24609375
1 0.6375 0.78046875 0.05625 0.16640625
1 0.9203125 0.4484375 0.0796875 0.25
1 0.4234375 0.76328125 0.05078125 0.16484375
1 0.1875 0.74296875 0.05390625 0.1890625
1 0.30390625 0.7609375 0.059375 0.18515625
1 0.75859375 0.7921875 0.05703125 0.16796875