0 0.16953125 0.38046875 0.3390625 0.20703125
2 0.5734375 0.34609375 0.0421875 0.1859375
2 0.68984375 0.4234375 0.0234375 0.1296875
1 0.46015625 0.403125 0.075 0.80546875
2 0.63046875 0.378125 0.034375 0.1640625
2 0.66484375 0.4046875 0.034375 0.14921875
1 0.51796875 0.39765625 0.0515625 0.7796875
1 0.45859375 0.1421875 0.04609375 0.28203125
1 0.5203125 0.1609375 0.0375 0.31484375
1 0.56640625 0.18515625 0.0359375 0.26015625
1 0.60390625 0.43125 0.03828125 0.64921875
2 0.109375 0.253125 0.21796875 0.50546875