2 0.1796875 0.1140625 0.040625 0.08125
2 0.23046875 0.15078125 0.040625 0.0796875
2 0.1265625 0.06796875 0.0421875 0.0828125
2 0.81171875 0.71640625 0.04921875 0.06796875
1 0.75234375 0.571875 0.0875 0.10546875
1 0.2484375 0.12578125 0.0375 0.24375
1 0.196875 0.10546875 0.040625 0.2109375
1 0.1453125 0.08671875 0.04375 0.1734375
1 0.390625 0.2515625 0.08203125 0.0984375
2 0.44609375 0.39140625 0.040625 0.07578125
1 0.89140625 0.6796875 0.0765625 0.1
1 0.2484375 0.025 0.02265625 0.0484375
0 0.4625 0.3 0.2359375 0.2015625