2 0.7046875 0.85078125 0.0546875 0.02734375
2 0.65 0.83984375 0.053125 0.0265625
2 0.0859375 0.759375 0.0546875 0.0265625
2 0.02265625 0.7484375 0.0453125 0.03125
2 0.15234375 0.76484375 0.05390625 0.025
2 0.4203125 0.80546875 0.05234375 0.02578125
2 0.5921875 0.83125 0.05234375 0.0265625
2 0.221875 0.77421875 0.0546875 0.025
2 0.48046875 0.8140625 0.0515625 0.025
2 0.5375 0.8203125 0.0515625 0.0265625
0 0.134375 0.02890625 0.26328125 0.05390625
0 0.6359375 0.11328125 0.11953125 0.059375
1 0.896875 0.1171875 0.1203125 0.12734375
2 0.83046875 0.1875 0.0546875 0.025
2 0.56328125 0.1875 0.0515625 0.0265625
2 0.12734375 0.10234375 0.0546875 0.02890625
1 0.21796875 0.853125 0.0625 0.10625
1 0.4734375 0.890625 0.04375 0.10390625
1 0.52265625 0.896875 0.04453125 0.1078125
0 0.571875 0.09765625 0.2609375 0.090625
1 0.8359375 0.09921875 0.12421875 0.1296875