2 0.4453125 0.425 0.03203125 0.05546875
2 0.40859375 0.41796875 0.03125 0.05390625
2 0.37109375 0.41015625 0.02890625 0.053125
0 0.6046875 0.478125 0.13515625 0.059375
2 0.10859375 0.53671875 0.02578125 0.0625
1 0.2125 0.38984375 0.03671875 0.2625
2 0.23125 0.40546875 0.0359375 0.07578125
1 0.384375 0.38828125 0.025 0.2671875
2 0.1609375 0.48046875 0.0203125 0.05703125
2 0.19375 0.4484375 0.03828125 0.08046875
0 0.9078125 0.55859375 0.184375 0.09765625
1 0.07265625 0.46953125 0.0421875 0.18984375
2 0.1328125 0.51171875 0.01171875 0.05625
1 0.20703125 0.3125 0.0234375 0.1140625
2 0.146875 0.5078125 0.0421875 0.07109375
1 0.146875 0.36875 0.0265625 0.1234375
1 0.38359375 0.3125 0.01640625 0.109375
1 0.1875 0.328125 0.0234375 0.1140625
1 0.45625 0.325 0.015625 0.1109375
1 0.1640625 0.35625 0.02578125 0.1328125
0 0.86171875 0.5375 0.0796875 0.04375
2 0.184375 0.459375 0.0171875 0.05078125
1 0.9578125 0.73125 0.03828125 0.13203125
1 0.19453125 0.5375 0.0265625 0.11015625
1 0.89765625 0.71640625 0.03828125 0.1296875
1 0.46171875 0.60859375 0.021875 0.11640625
1 0.17578125 0.50625 0.0234375 0.12265625
1 0.40390625 0.5921875 0.025 0.11796875
1 0.83515625 0.703125 0.03515625 0.1265625
2 0.92578125 0.58046875 0.04453125 0.04921875