2 0.47109375 0.48515625 0.06171875 0.06875
2 0.3921875 0.49296875 0.0625 0.07109375
2 0.0625 0.53671875 0.06875 0.0734375
2 0.15625 0.52421875 0.06640625 0.07109375
2 0.69296875 0.57890625 0.025 0.08359375
2 0.8265625 0.95078125 0.0453125 0.084375
2 0.6828125 0.525 0.025 0.08125
1 0.02890625 0.55234375 0.05703125 0.2234375
2 0.76640625 0.77734375 0.0359375 0.10390625
1 0.384375 0.35 0.0421875 0.15625
2 0.78359375 0.83046875 0.059375 0.19140625
2 0.7328125 0.70546875 0.02890625 0.09140625
1 0.14921875 0.371875 0.0578125 0.15859375
1 0.46171875 0.3421875 0.03515625 0.153125
1 0.05625 0.3828125 0.0671875 0.16328125
1 0.93046875 0.85390625 0.12109375 0.278125
2 0.72265625 0.640625 0.0296875 0.08828125
1 0.190625 0.56484375 0.05390625 0.14296875
1 0.403125 0.54453125 0.04140625 0.12890625
1 0.1078125 0.57890625 0.0546875 0.14296875
1 0.7546875 0.41015625 0.0421875 0.16328125
1 0.86875 0.63125 0.0625 0.18671875
1 0.9015625 0.71796875 0.07109375 0.19921875
1 0.771875 0.46015625 0.04609375 0.16875
1 0.82734375 0.57109375 0.05546875 0.178125
1 0.80703125 0.51875 0.0515625 0.17734375
2 0.7 0.51484375 0.0453125 0.0484375
2 0.16953125 0.49296875 0.0515625 0.0515625