2 0.1359375 0.44609375 0.059375 0.06796875
2 0.29765625 0.4234375 0.0578125 0.06796875
2 0.5765625 0.3859375 0.05390625 0.06484375
2 0.215625 0.43671875 0.05859375 0.06796875
2 0.06015625 0.45546875 0.0609375 0.071875
1 0.50625 0.34765625 0.05234375 0.334375
1 0.02578125 0.47578125 0.05078125 0.22734375
2 0.85625 0.796875 0.02734375 0.09921875
2 0.79921875 0.5921875 0.021875 0.0921875
2 0.771875 0.478125 0.01875 0.084375
1 0.9296875 0.72109375 0.06328125 0.2734375
1 0.29140625 0.2828125 0.04453125 0.15390625
2 0.8234375 0.65703125 0.0234375 0.10234375
2 0.8328125 0.71953125 0.025 0.0953125
1 0.13125 0.30234375 0.053125 0.15859375
1 0.21015625 0.29296875 0.05 0.15234375
1 0.88828125 0.66171875 0.05625 0.37578125
1 0.56875 0.2515625 0.03125 0.15234375
1 0.4984375 0.25625 0.03515625 0.14921875
2 0.54921875 0.896875 0.07734375 0.0734375
2 0.79296875 0.5359375 0.0203125 0.084375
1 0.05234375 0.31015625 0.05625 0.16015625
2 0.76640625 0.425 0.01796875 0.0765625
2 0.36171875 0.9296875 0.075 0.0734375
1 0.828125 0.325 0.03203125 0.17109375
1 0.82109375 0.40703125 0.05703125 0.3015625
1 0.86171875 0.4296875 0.03671875 0.16953125
1 0.0953125 0.49453125 0.0546875 0.159375
2 0.45390625 0.91640625 0.07734375 0.07421875
1 0.8984375 0.51953125 0.03828125 0.146875
1 0.9125 0.5890625 0.0421875 0.16484375
1 0.24375 0.4875 0.04453125 0.13359375
2 0.50546875 0.39921875 0.0578125 0.0703125