1 0.4828125 0.42265625 0.07578125 0.33203125
1 0.40234375 0.4078125 0.07109375 0.33828125
1 0.09453125 0.33828125 0.06328125 0.36796875
1 0.1765625 0.3546875 0.0703125 0.3578125
1 0.0234375 0.390625 0.04296875 0.228125
1 0.49453125 0.33359375 0.04765625 0.1546875
1 0.41875 0.3140625 0.04375 0.15625
1 0.0953125 0.2390625 0.0375 0.16796875
1 0.1875 0.259375 0.03203125 0.1640625
1 0.7984375 0.615625 0.07578125 0.165625
2 0.703125 0.8546875 0.034375 0.10078125
2 0.7078125 0.94453125 0.03828125 0.1015625
1 0.76640625 0.4984375 0.06875 0.153125
1 0.80390625 0.815625 0.16875 0.36328125
2 0.684375 0.7125 0.02890625 0.0859375
2 0.66953125 0.615625 0.02890625 0.13671875
2 0.6859375 0.78203125 0.0296875 0.09296875
2 0.484375 0.48046875 0.075 0.0625
2 0.08203125 0.3890625 0.0890625 0.07734375
2 0.39765625 0.46328125 0.0609375 0.07421875