2 0.06875 0.54140625 0.04609375 0.034375
2 0.121875 0.57421875 0.04375 0.03203125
2 0.17734375 0.6015625 0.04453125 0.03359375
2 0.0171875 0.5078125 0.034375 0.034375
2 0.23125 0.6328125 0.04296875 0.034375
2 0.38984375 0.72578125 0.0421875 0.03515625
2 0.4390625 0.75078125 0.0421875 0.03359375
2 0.6171875 0.85546875 0.04296875 0.03671875
2 0.4828125 0.7734375 0.040625 0.03359375
2 0.5734375 0.8296875 0.040625 0.03359375
2 0.52578125 0.80234375 0.03984375 0.0328125
0 0.62578125 0.20625 0.16328125 0.15390625
2 0.81640625 0.35390625 0.04375 0.03203125
2 0.9109375 0.4109375 0.04765625 0.03125
2 0.9546875 0.434375 0.04921875 0.03125
2 0.8625 0.38359375 0.04609375 0.03125
2 0.596875 0.2640625 0.040625 0.03125
1 0.95 0.353125 0.09765625 0.08984375
2 0.25234375 0.04921875 0.0421875 0.034375
1 0.83046875 0.2859375 0.09921875 0.075
2 0.5015625 0.83671875 0.03046875 0.0484375