1 0.07421875 0.43125 0.1 0.3015625
1 0.1390625 0.421875 0.0890625 0.2984375
1 0.26953125 0.40546875 0.07578125 0.29140625
1 0.3328125 0.39296875 0.0640625 0.29140625
1 0.203125 0.4125 0.08125 0.29453125
1 0.5640625 0.36640625 0.0421875 0.28359375
1 0.5046875 0.37109375 0.0453125 0.28671875
1 0.02890625 0.45859375 0.05625 0.25625
1 0.18671875 0.3296875 0.04609375 0.13125
1 0.32265625 0.31171875 0.03828125 0.1296875
1 0.11875 0.3375 0.0484375 0.13359375
1 0.25390625 0.32265625 0.04140625 0.12578125
1 0.8421875 0.6515625 0.0578125 0.3078125
1 0.053125 0.34609375 0.0515625 0.1328125
1 0.49921875 0.290625 0.0296875 0.12109375
1 0.78046875 0.44453125 0.0390625 0.22265625
2 0.73046875 0.4625 0.02421875 0.11484375
2 0.784375 0.68984375 0.021875 0.09375
2 0.75625 0.58046875 0.0203125 0.0859375
1 0.77890625 0.35078125 0.02890625 0.13828125
2 0.803125 0.75390625 0.025 0.08828125
1 0.815625 0.4765625 0.0328125 0.14609375
1 0.83828125 0.51875 0.03203125 0.1328125
1 0.87421875 0.64140625 0.03828125 0.13984375
2 0.75 0.54296875 0.01875 0.09765625
2 0.5421875 0.83828125 0.065625 0.0625
2 0.46015625 0.85234375 0.065625 0.0625
2 0.7515625 0.48046875 0.02578125 0.0203125
2 0.5671875 0.4015625 0.05078125 0.06796875
2 0.5015625 0.41640625 0.04921875 0.06484375
2 0.33203125 0.4359375 0.065625 0.07890625
2 0.2609375 0.4453125 0.0546875 0.0765625
2 0.1921875 0.45234375 0.05546875 0.071875
2 0.125 0.4640625 0.06015625 0.07421875
2 0.06484375 0.46796875 0.0578125 0.08125