2 0.36171875 0.4578125 0.08828125 0.1234375
2 0.26640625 0.44609375 0.0859375 0.121875
2 0.4625 0.46328125 0.0859375 0.12734375
2 0.8640625 0.496875 0.103125 0.1328125
2 0.6453125 0.475 0.0890625 0.1328125
2 0.753125 0.4890625 0.0953125 0.13125
1 0.2875 0.23046875 0.05234375 0.25546875
2 0.5203125 0.4515625 0.1609375 0.16171875
1 0.6390625 0.6234375 0.04609375 0.18046875
1 0.37890625 0.23671875 0.04609375 0.2640625
1 0.6546875 0.2484375 0.05234375 0.27890625
1 0.4796875 0.2421875 0.0421875 0.26953125
1 0.478125 0.60078125 0.0375 0.19453125
1 0.82734375 0.62890625 0.0484375 0.1828125
1 0.3015625 0.52734375 0.05078125 0.3046875
1 0.75859375 0.25234375 0.0609375 0.278125
1 0.3875 0.58515625 0.04375 0.21640625
1 0.73125 0.63203125 0.05390625 0.19765625
1 0.5578125 0.61875 0.04296875 0.19375
1 0.865625 0.25546875 0.0671875 0.28046875