2 0.64140625 0.82265625 0.034375 0.0265625
2 0.04140625 0.70859375 0.03828125 0.02421875
2 0.08515625 0.7171875 0.0359375 0.021875
2 0.67890625 0.83203125 0.034375 0.0203125
1 0.3453125 0.8375 0.03046875 0.05390625
2 0.30390625 0.7625 0.03671875 0.02890625
1 0.559375 0.8765625 0.03125 0.053125
1 0.25546875 0.81484375 0.034375 0.053125
2 0.60625 0.81796875 0.03671875 0.025
2 0.7515625 0.85078125 0.03515625 0.03046875
1 0.4328125 0.8484375 0.02734375 0.05859375
1 0.38828125 0.84375 0.0265625 0.05078125
1 0.303125 0.825 0.03125 0.05390625
1 0.21015625 0.80703125 0.0390625 0.0546875
1 0.596875 0.8828125 0.0328125 0.05546875
2 0.71484375 0.83828125 0.03515625 0.0234375
2 0.3484375 0.77109375 0.0359375 0.028125
2 0.25859375 0.74921875 0.03515625 0.02734375
2 0.39296875 0.77734375 0.03515625 0.02890625
2 0.56875 0.809375 0.0328125 0.01875
2 0.4375 0.78671875 0.03515625 0.03203125
2 0.21171875 0.74140625 0.034375 0.01953125
2 0.11171875 0.1421875 0.03515625 0.02578125
1 0.10078125 0.78671875 0.021875 0.0453125
1 0.6265625 0.884375 0.02265625 0.04609375
2 0.15390625 0.15 0.034375 0.025
2 0.946875 0.3109375 0.03515625 0.02109375
2 0.37265625 0.2140625 0.0359375 0.025
2 0.19453125 0.15625 0.03359375 0.0234375
2 0.87109375 0.29765625 0.0359375 0.02265625
1 0.75078125 0.9171875 0.02734375 0.04765625
1 0.6734375 0.9 0.03203125 0.05078125
1 0.0328125 0.7765625 0.03671875 0.0484375
2 0.659375 0.284375 0.03359375 0.025
2 0.83203125 0.28515625 0.03359375 0.0234375
1 0.73125 0.91171875 0.02578125 0.0453125
1 0.171875 0.1140625 0.02578125 0.05
1 0.2109375 0.11875 0.0234375 0.05
1 0.7 0.90234375 0.02421875 0.04609375
1 0.71640625 0.90234375 0.03046875 0.0578125
1 0.07265625 0.784375 0.03203125 0.05078125
0 0.36796875 0.1453125 0.20546875 0.04296875
0 0.6609375 0.21171875 0.215625 0.04140625
1 0.83671875 0.21328125 0.07421875 0.08828125
1 0.88203125 0.21796875 0.07109375 0.12109375