2 0.55625 0.49453125 0.08359375 0.12578125
2 0.46875 0.4484375 0.08203125 0.12265625
2 0.74609375 0.584375 0.09609375 0.13125
2 0.85234375 0.63203125 0.10390625 0.13203125
2 0.3734375 0.40703125 0.0859375 0.1265625
2 0.284375 0.3609375 0.084375 0.1234375
1 0.63515625 0.46484375 0.1484375 0.61640625
1 0.4296875 0.19921875 0.07109375 0.265625
1 0.52421875 0.2390625 0.0734375 0.27421875
1 0.79453125 0.75 0.08046875 0.19609375
1 0.3421875 0.159375 0.0703125 0.265625
1 0.2953125 0.49921875 0.05390625 0.18203125
1 0.46171875 0.596875 0.06640625 0.1953125
1 0.61015625 0.2796875 0.084375 0.2828125
1 0.6953125 0.3140625 0.09375 0.2765625
1 0.79453125 0.3609375 0.10625 0.2765625
1 0.8953125 0.40234375 0.1109375 0.2796875
1 0.37421875 0.5421875 0.0703125 0.21015625