2 0.66640625 0.87890625 0.04140625 0.028125
2 0.01640625 0.7578125 0.0328125 0.025
2 0.215625 0.79296875 0.04140625 0.02734375
2 0.753125 0.903125 0.04140625 0.0328125
2 0.3734375 0.8234375 0.04140625 0.02734375
2 0.32109375 0.81796875 0.040625 0.0265625
2 0.42734375 0.83203125 0.040625 0.02265625
2 0.62421875 0.8765625 0.04140625 0.0328125
2 0.71015625 0.890625 0.040625 0.02578125
2 0.26953125 0.8046875 0.04140625 0.02734375
2 0.57890625 0.8640625 0.040625 0.02578125
2 0.16015625 0.784375 0.040625 0.02578125
2 0.79609375 0.91328125 0.0421875 0.03671875
1 0.31875 0.89609375 0.0359375 0.06328125
1 0.5703125 0.94375 0.03671875 0.0625
1 0.4203125 0.9125 0.03203125 0.0625
1 0.6140625 0.95 0.03671875 0.0640625
1 0.36875 0.9046875 0.0328125 0.06015625
2 0.04296875 0.07734375 0.0421875 0.0296875
1 0.2671875 0.88359375 0.03828125 0.0625
2 0.35 0.1640625 0.04140625 0.02890625
1 0.2140625 0.86875 0.04140625 0.065625
2 0.09296875 0.0890625 0.03984375 0.02890625
2 0.68671875 0.2484375 0.03984375 0.0265625
2 0.13984375 0.09453125 0.040625 0.0296875
1 0.03046875 0.8375 0.0234375 0.05234375
1 0.15078125 0.8640625 0.0296875 0.05625
2 0.89140625 0.2484375 0.040625 0.02890625
2 0.9359375 0.26171875 0.04140625 0.02734375
2 0.9796875 0.26953125 0.040625 0.0296875
1 0.17265625 0.8625 0.02109375 0.053125
1 0.65546875 0.95625 0.0375 0.06171875
1 0.0109375 0.83671875 0.021875 0.05546875
1 0.75234375 0.97734375 0.03046875 0.0453125
0 0.70234375 0.16953125 0.18671875 0.06875
1 0.70234375 0.96953125 0.0390625 0.0578125
1 0.0671875 0.0359375 0.028125 0.05859375
0 0.3484375 0.08203125 0.2171875 0.0765625
1 0.78984375 0.98046875 0.0390625 0.0390625
1 0.16015625 0.05234375 0.0265625 0.05546875
1 0.9859375 0.1890625 0.028125 0.084375