1 0.4734375 0.4359375 0.05703125 0.33984375
1 0.39296875 0.4421875 0.0671875 0.34453125
1 0.0796875 0.4828125 0.1234375 0.36171875
1 0.1703125 0.4703125 0.10390625 0.35390625
1 0.02890625 0.553125 0.05703125 0.2234375
1 0.1484375 0.37265625 0.0578125 0.159375
1 0.384375 0.34921875 0.0421875 0.15625
1 0.93359375 0.853125 0.11171875 0.27890625
1 0.46171875 0.3421875 0.0359375 0.153125
1 0.05625 0.384375 0.0671875 0.16484375
1 0.7484375 0.559375 0.09296875 0.4015625
1 0.75546875 0.4109375 0.04140625 0.16484375
1 0.82734375 0.57578125 0.05390625 0.1796875
2 0.38359375 0.49375 0.07265625 0.08828125
2 0.69296875 0.5796875 0.0234375 0.0828125
2 0.734375 0.709375 0.0296875 0.10078125
2 0.68203125 0.52421875 0.021875 0.07890625
2 0.7203125 0.63984375 0.02734375 0.08828125
2 0.8265625 0.95 0.04921875 0.08359375
2 0.47265625 0.4921875 0.065625 0.08203125
2 0.1609375 0.5125 0.05859375 0.0953125
2 0.69921875 0.515625 0.04609375 0.04609375
2 0.06953125 0.53046875 0.0796875 0.10234375
2 0.8109375 0.86484375 0.0765625 0.10546875