2 0.46171875 0.4625 0.0859375 0.12421875
2 0.6453125 0.4765625 0.0875 0.1296875
2 0.36015625 0.45859375 0.08671875 0.12265625
2 0.265625 0.44609375 0.084375 0.121875
2 0.75390625 0.48828125 0.09609375 0.1328125
2 0.8640625 0.4953125 0.10234375 0.13515625
1 0.57265625 0.4140625 0.06796875 0.6109375
1 0.56640625 0.24453125 0.04296875 0.27265625
1 0.378125 0.234375 0.040625 0.25859375
1 0.6390625 0.61875 0.03984375 0.17421875
1 0.478125 0.240625 0.03984375 0.26953125
1 0.2875 0.23046875 0.05078125 0.259375
1 0.82734375 0.63203125 0.05859375 0.2203125
1 0.86484375 0.2546875 0.06484375 0.27578125
1 0.478125 0.5984375 0.0328125 0.178125
1 0.73046875 0.63046875 0.05390625 0.203125
1 0.759375 0.2515625 0.05859375 0.27578125
1 0.38671875 0.58515625 0.034375 0.18828125
1 0.3046875 0.575 0.046875 0.2109375