2 0.6328125 0.62890625 0.096875 0.0984375
2 0.74453125 0.64140625 0.1 0.1
2 0.5359375 0.62734375 0.09609375 0.09765625
2 0.85625 0.646875 0.10234375 0.10078125
2 0.4375 0.615625 0.09453125 0.09765625
2 0.221875 0.59921875 0.090625 0.09609375
2 0.32734375 0.6109375 0.0921875 0.0953125
1 0.340625 0.428125 0.0453125 0.20078125
1 0.5453125 0.4421875 0.05546875 0.209375
1 0.2375 0.42109375 0.04609375 0.203125
2 0.01796875 0.73515625 0.03515625 0.11640625
1 0.44921875 0.434375 0.053125 0.20625
1 0.7484375 0.453125 0.065625 0.21015625
1 0.6390625 0.44453125 0.06171875 0.21015625
1 0.4375 0.725 0.05 0.15
2 0.98515625 0.88828125 0.0296875 0.128125
1 0.8265625 0.73828125 0.0671875 0.2
1 0.8578125 0.459375 0.06953125 0.21328125
1 0.23515625 0.70546875 0.046875 0.15859375
1 0.71953125 0.7515625 0.0625 0.16171875
1 0.615625 0.74140625 0.0578125 0.15859375
1 0.52734375 0.7375 0.05625 0.15546875
1 0.334375 0.7203125 0.05078125 0.1546875