2 0.3921875 0.42265625 0.02890625 0.046875
2 0.45390625 0.43671875 0.02890625 0.0484375
2 0.42265625 0.43046875 0.02734375 0.04765625
2 0.27890625 0.41171875 0.01640625 0.04765625
0 0.859375 0.55 0.175 0.08125
2 0.23671875 0.45625 0.0328125 0.0703125
2 0.25390625 0.4328125 0.0640625 0.09375
0 0.596875 0.48203125 0.1328125 0.0546875
2 0.21484375 0.48203125 0.02265625 0.053125
2 0.16796875 0.5296875 0.02578125 0.05703125
1 0.134375 0.4734375 0.03359375 0.1609375
1 0.18359375 0.46171875 0.03828125 0.21640625
1 0.2125 0.3734375 0.01953125 0.10390625
1 0.40078125 0.33515625 0.015625 0.0828125
1 0.25 0.33515625 0.01875 0.0859375
1 0.19921875 0.38671875 0.021875 0.10390625
1 0.46328125 0.3546875 0.01484375 0.09765625
1 0.43203125 0.340625 0.0140625 0.08515625
0 0.80859375 0.5296875 0.0703125 0.03984375
2 0.85859375 0.56328125 0.04609375 0.0625
1 0.4703125 0.603125 0.034375 0.11796875
1 0.796875 0.684375 0.0359375 0.12109375
1 0.57109375 0.62421875 0.03046875 0.10859375