0 0.43359375 0.34140625 0.2296875 0.0984375
2 0.146875 0.3171875 0.04453125 0.0703125
2 0.090625 0.303125 0.04609375 0.07578125
2 0.82734375 0.52421875 0.04921875 0.06328125
2 0.20078125 0.32265625 0.04453125 0.06875
0 0.8296875 0.43359375 0.2453125 0.103125
1 0.140625 0.125 0.04453125 0.17734375
2 0.43515625 0.4265625 0.04140625 0.065625
1 0.12265625 0.3171875 0.03515625 0.1484375
1 0.1953125 0.13203125 0.03828125 0.1734375
1 0.17578125 0.3359375 0.03203125 0.1296875
1 0.2234375 0.3296875 0.0328125 0.15546875
1 0.08125 0.11328125 0.046875 0.17890625
0 0.7546875 0.421875 0.0953125 0.0765625