1 0.3453125 0.83671875 0.0296875 0.053125
1 0.3015625 0.8265625 0.03125 0.05078125
1 0.4328125 0.84921875 0.028125 0.05703125
1 0.2578125 0.8140625 0.034375 0.05625
2 0.63984375 0.82109375 0.03203125 0.025
2 0.75 0.84609375 0.0390625 0.02265625
2 0.04140625 0.71171875 0.0390625 0.025
1 0.559375 0.87578125 0.03046875 0.05234375
2 0.7140625 0.83671875 0.03203125 0.02265625
2 0.60625 0.81796875 0.03671875 0.02578125
2 0.30390625 0.76640625 0.03671875 0.03515625
1 0.38828125 0.84453125 0.02578125 0.046875
1 0.596875 0.8828125 0.03203125 0.0546875
1 0.20234375 0.80859375 0.0234375 0.046875
2 0.56875 0.81015625 0.034375 0.021875
2 0.34765625 0.76875 0.0359375 0.02421875
2 0.2109375 0.74765625 0.0359375 0.03359375
0 0.37265625 0.16015625 0.19140625 0.0984375
0 0.66953125 0.20546875 0.19375 0.09921875
2 0.66015625 0.27734375 0.05625 0.06953125
2 0.37734375 0.2 0.04609375 0.08203125
2 0.83515625 0.29140625 0.04140625 0.0515625
2 0.87734375 0.30390625 0.04296875 0.05703125
2 0.91328125 0.30234375 0.03984375 0.05
2 0.953125 0.31875 0.0453125 0.04296875
2 0.0890625 0.71484375 0.04921875 0.03515625
1 0.0671875 0.78515625 0.11328125 0.078125
1 0.196875 0.08203125 0.03046875 0.1015625
1 0.15234375 0.078125 0.03359375 0.1125
1 0.11171875 0.07578125 0.02734375 0.10078125
2 0.19453125 0.16953125 0.03046875 0.046875
2 0.159375 0.146875 0.04375 0.025
2 0.11171875 0.14296875 0.0421875 0.03359375