2 0.14765625 0.72109375 0.0453125 0.02265625
2 0.08984375 0.709375 0.04765625 0.0234375
2 0.62734375 0.78984375 0.04609375 0.0234375
2 0.0296875 0.6984375 0.04765625 0.02265625
2 0.20546875 0.72421875 0.046875 0.02265625
2 0.6734375 0.79765625 0.04609375 0.02265625
2 0.26328125 0.73359375 0.0453125 0.021875
2 0.578125 0.78203125 0.04296875 0.021875
2 0.43203125 0.76015625 0.04375 0.02265625
2 0.48359375 0.7671875 0.04375 0.0234375
0 0.1875 0.09375 0.23515625 0.06328125
0 0.58359375 0.16640625 0.1640625 0.05859375
1 0.47734375 0.83046875 0.0375 0.09140625
2 0.928125 0.26015625 0.04921875 0.01953125
1 0.42734375 0.8234375 0.03515625 0.08515625
2 0.55390625 0.234375 0.04453125 0.02109375
2 0.7796875 0.234375 0.0453125 0.02109375
2 0.88125 0.25078125 0.0515625 0.046875
2 0.83046875 0.24609375 0.046875 0.0203125
1 0.26015625 0.80234375 0.053125 0.0921875
1 0.5203125 0.8375 0.0375 0.08671875
2 0.1828125 0.15078125 0.0671875 0.05859375