0 0.42109375 0.31328125 0.2703125 0.115625
2 0.146875 0.29296875 0.053125 0.08125
2 0.08359375 0.28515625 0.0515625 0.08359375
2 0.02265625 0.27109375 0.0453125 0.0828125
0 0.8671875 0.4171875 0.26484375 0.1140625
2 0.88359375 0.52734375 0.059375 0.075
1 0.05625 0.27890625 0.03828125 0.16640625
1 0.1421875 0.08984375 0.0484375 0.1734375
1 0.01953125 0.08359375 0.03828125 0.15625
1 0.11640625 0.2953125 0.040625 0.16640625
1 0.17578125 0.31328125 0.0328125 0.13125
2 0.42421875 0.41484375 0.0484375 0.07578125
1 0.7984375 0.4015625 0.103125 0.07578125
1 0.34765625 0.2953125 0.1015625 0.07421875