1 0.334375 0.39453125 0.0640625 0.29296875
1 0.07421875 0.4328125 0.09921875 0.30234375
1 0.1390625 0.421875 0.08671875 0.29921875
1 0.5640625 0.3671875 0.040625 0.284375
1 0.26953125 0.4078125 0.07421875 0.2921875
2 0.50703125 0.41015625 0.04375 0.05390625
1 0.203125 0.41328125 0.0796875 0.29453125
1 0.028125 0.45703125 0.0546875 0.2546875
1 0.18671875 0.33046875 0.04609375 0.1328125
2 0.75390625 0.578125 0.01875 0.0796875
1 0.11875 0.33515625 0.046875 0.13125
2 0.80234375 0.75234375 0.021875 0.084375
2 0.73125 0.48203125 0.0171875 0.07109375
1 0.053125 0.34609375 0.0515625 0.1328125
1 0.25390625 0.325 0.040625 0.13046875
1 0.8421875 0.65625 0.0578125 0.30234375
1 0.32265625 0.3140625 0.0359375 0.1328125
2 0.784375 0.6890625 0.021875 0.0890625
2 0.77421875 0.6359375 0.021875 0.09296875
1 0.4984375 0.29140625 0.02890625 0.12265625
2 0.72734375 0.4359375 0.015625 0.06640625
2 0.74921875 0.52734375 0.01796875 0.0671875
2 0.00859375 0.48515625 0.01640625 0.053125
2 0.540625 0.8390625 0.065625 0.0625
1 0.77890625 0.34921875 0.028125 0.134375
1 0.8390625 0.5171875 0.03125 0.12421875
1 0.85078125 0.58125 0.034375 0.1390625
2 0.38046875 0.86640625 0.0609375 0.06328125
2 0.45859375 0.85390625 0.0625 0.06015625
2 0.03515625 0.94921875 0.06796875 0.0421875
1 0.81484375 0.4796875 0.0328125 0.13828125
1 0.778125 0.44296875 0.0421875 0.22578125