2 0.02890625 0.46875 0.034375 0.0375
2 0.07109375 0.4984375 0.03359375 0.03515625
2 0.628125 0.9109375 0.0328125 0.034375
2 0.6625 0.934375 0.0328125 0.0328125
2 0.59375 0.88125 0.03203125 0.03515625
2 0.31796875 0.6828125 0.03203125 0.0328125
2 0.6984375 0.959375 0.03125 0.0296875
2 0.4015625 0.740625 0.03359375 0.03515625
2 0.278125 0.65078125 0.034375 0.034375
2 0.36015625 0.71015625 0.03203125 0.034375
2 0.23359375 0.6171875 0.0328125 0.0375
2 0.56171875 0.86015625 0.0328125 0.03515625
2 0.1890625 0.5890625 0.0328125 0.03984375
2 0.52421875 0.83203125 0.03203125 0.03359375
1 0.17890625 0.64765625 0.03984375 0.06015625
1 0.22265625 0.67734375 0.0359375 0.06015625
1 0.50859375 0.8921875 0.03125 0.0578125
1 0.346875 0.77109375 0.02890625 0.0578125
1 0.265625 0.71328125 0.0328125 0.05625
1 0.30625 0.7453125 0.03125 0.05703125
1 0.54453125 0.91875 0.0328125 0.0609375
1 0.3890625 0.8 0.02890625 0.06015625
2 0.84921875 0.46328125 0.03359375 0.0328125
2 0.68125 0.37578125 0.0328125 0.03203125
1 0.578125 0.9421875 0.03359375 0.06015625
2 0.92109375 0.52109375 0.034375 0.0328125
2 0.41484375 0.16015625 0.0328125 0.034375
2 0.88515625 0.4921875 0.034375 0.0296875
2 0.95546875 0.54375 0.034375 0.03203125
1 0.6140625 0.96953125 0.0359375 0.05703125
1 0.6390625 0.98203125 0.02578125 0.0359375
1 0.01640625 0.53125 0.0328125 0.06015625
2 0.2484375 0.01484375 0.0328125 0.0296875
1 0.075 0.57265625 0.0234375 0.04609375
0 0.7046875 0.3171875 0.14765625 0.15
1 0.0359375 0.54609375 0.0265625 0.05
0 0.4375 0.07578125 0.18828125 0.14765625
1 0.8859375 0.40625 0.12265625 0.05625
1 0.91171875 0.42421875 0.07421875 0.0609375
1 0.94140625 0.4578125 0.07265625 0.0578125