2 0.453125 0.43671875 0.0265625 0.04609375
0 0.60546875 0.484375 0.1203125 0.05
2 0.421875 0.43046875 0.0265625 0.0453125
2 0.39140625 0.42265625 0.0265625 0.0453125
0 0.85703125 0.5515625 0.1765625 0.0828125
2 0.16640625 0.53203125 0.02109375 0.0515625
1 0.20546875 0.4546875 0.0359375 0.23125
1 0.25546875 0.4046875 0.03125 0.221875
2 0.23203125 0.46484375 0.01796875 0.0515625
1 0.18359375 0.46171875 0.03671875 0.2203125
2 0.2796875 0.41015625 0.01484375 0.046875
2 0.2453125 0.44765625 0.01875 0.05234375
1 0.13671875 0.4734375 0.0375 0.16328125
1 0.4015625 0.3375 0.015625 0.08671875
1 0.46328125 0.35390625 0.0140625 0.096875
1 0.43203125 0.3453125 0.0140625 0.09375
1 0.25078125 0.3421875 0.02109375 0.09921875
1 0.19921875 0.38671875 0.021875 0.103125
1 0.2140625 0.37265625 0.0203125 0.10390625
1 0.23359375 0.3546875 0.01953125 0.096875
2 0.590625 0.46015625 0.03046875 0.03203125
0 0.80703125 0.5296875 0.065625 0.03828125
2 0.85859375 0.5640625 0.046875 0.05546875