2 0.09140625 0.303125 0.0453125 0.07421875
2 0.146875 0.3171875 0.04375 0.071875
0 0.8265625 0.43125 0.23828125 0.09296875
2 0.20078125 0.32265625 0.04453125 0.06875
2 0.82734375 0.52421875 0.04921875 0.06328125
0 0.43046875 0.3390625 0.2296875 0.0921875
1 0.13984375 0.12734375 0.04375 0.17421875
1 0.19453125 0.1328125 0.03828125 0.16953125
1 0.08125 0.115625 0.046875 0.17890625
2 0.4359375 0.4265625 0.0421875 0.065625
0 0.7578125 0.41875 0.0953125 0.06953125
1 0.1234375 0.3171875 0.03515625 0.15
1 0.1765625 0.328125 0.03203125 0.14375