2 0.65 0.3578125 0.0484375 0.19765625
2 0.590625 0.31875 0.0625 0.22265625
2 0.71796875 0.40703125 0.0375 0.159375
0 0.1640625 0.36875 0.3140625 0.2421875
2 0.69140625 0.38671875 0.0421875 0.178125
1 0.4546875 0.42890625 0.08359375 0.85546875
1 0.525 0.41640625 0.0609375 0.8296875
1 0.45546875 0.11640625 0.05859375 0.2265625
1 0.58203125 0.409375 0.0515625 0.7984375
1 0.57890625 0.134375 0.04375 0.26015625
1 0.52734375 0.12890625 0.04921875 0.25390625
1 0.62109375 0.41171875 0.046875 0.75390625
1 0.61796875 0.17734375 0.03515625 0.28359375
2 0.48828125 0.33203125 0.05859375 0.13984375
2 0.07109375 0.2453125 0.1421875 0.490625