2 0.14296875 0.13359375 0.06484375 0.046875
1 0.4609375 0.221875 0.0484375 0.1515625
2 0.3828125 0.1203125 0.0625 0.0453125
2 0.059375 0.14296875 0.06796875 0.04375
2 0.2265625 0.13203125 0.0625 0.04453125
1 0.6984375 0.196875 0.07421875 0.14140625
2 0.46171875 0.115625 0.0609375 0.046875
1 0.38203125 0.225 0.06875 0.1578125
2 0.30546875 0.1296875 0.0640625 0.04609375
2 0.890625 0.08828125 0.0671875 0.04609375
2 0.68984375 0.10078125 0.059375 0.04609375
2 0.9546875 0.084375 0.06875 0.04765625
2 0.82421875 0.08671875 0.0640625 0.0453125
0 0.06640625 0.24765625 0.13046875 0.15234375
1 0.975 0.184375 0.04609375 0.11171875
2 0.76015625 0.096875 0.06015625 0.04609375
1 0.30546875 0.2328125 0.09453125 0.15390625
1 0.19765625 0.209375 0.075 0.11796875
1 0.8875 0.196875 0.05390625 0.09453125
1 0.2328125 0.2125 0.0921875 0.20234375