0 0.178125 0.38203125 0.35 0.22109375
1 0.5203125 0.38828125 0.05859375 0.77109375
1 0.52265625 0.14921875 0.04140625 0.2890625
1 0.4625 0.39921875 0.071875 0.796875
2 0.66484375 0.40390625 0.0375 0.1515625
2 0.57421875 0.3484375 0.05078125 0.1921875
1 0.46328125 0.13515625 0.04921875 0.26640625
2 0.62734375 0.38125 0.04296875 0.17421875
1 0.5671875 0.18125 0.0390625 0.25390625
1 0.6046875 0.42734375 0.04453125 0.64609375
2 0.690625 0.42265625 0.0234375 0.1296875
1 0.60078125 0.2171875 0.03125 0.221875
2 0.10546875 0.25625 0.2109375 0.5125