2 0.07734375 0.3140625 0.04921875 0.06015625
2 0.20859375 0.34375 0.046875 0.0578125
2 0.14453125 0.328125 0.04921875 0.0609375
1 0.58125 0.3875 0.06015625 0.275
2 0.2765625 0.3609375 0.05 0.059375
1 0.525 0.375 0.05703125 0.27578125
1 0.35625 0.33359375 0.05625 0.2890625
1 0.09921875 0.2765625 0.046875 0.31171875
1 0.0390625 0.29921875 0.03984375 0.2328125
2 0.728125 0.54609375 0.02109375 0.11015625
2 0.73984375 0.78515625 0.021875 0.08125
2 0.7328125 0.64765625 0.0234375 0.11640625
2 0.740625 0.7203125 0.0203125 0.07578125
2 0.74453125 0.85703125 0.021875 0.08125
2 0.025 0.3078125 0.0203125 0.0453125
1 0.3640625 0.2546875 0.02890625 0.12890625
1 0.5375 0.296875 0.0359375 0.11953125
1 0.29453125 0.240625 0.02890625 0.1328125
1 0.16328125 0.20546875 0.028125 0.1359375
1 0.09765625 0.190625 0.03046875 0.13984375
1 0.81953125 0.81015625 0.08671875 0.23203125
1 0.228125 0.22109375 0.0265625 0.13203125
1 0.59609375 0.31171875 0.0375 0.1234375
1 0.79609375 0.4578125 0.05234375 0.13515625
2 0.396875 0.8265625 0.0625 0.06171875
2 0.4765625 0.8390625 0.0640625 0.0625
1 0.821875 0.64609375 0.0546875 0.13515625
1 0.809375 0.553125 0.053125 0.1453125
2 0.31875 0.815625 0.0640625 0.06484375
1 0.0390625 0.271875 0.025 0.0421875
2 0.51171875 0.50546875 0.03046875 0.0265625