0 0.59921875 0.484375 0.1359375 0.05546875
2 0.453125 0.4359375 0.02734375 0.046875
2 0.39140625 0.42265625 0.02734375 0.0453125
2 0.42265625 0.43046875 0.0265625 0.04609375
0 0.859375 0.55 0.17734375 0.08359375
2 0.16640625 0.53203125 0.021875 0.053125
2 0.2125 0.484375 0.01796875 0.05
2 0.24453125 0.44765625 0.01875 0.05234375
2 0.27890625 0.41015625 0.015625 0.04609375
2 0.23125 0.46484375 0.01796875 0.0515625
1 0.2546875 0.40703125 0.02890625 0.22421875
1 0.18203125 0.4609375 0.03515625 0.21640625
1 0.1359375 0.4734375 0.0359375 0.1640625
1 0.4015625 0.3359375 0.01640625 0.084375
1 0.25078125 0.33984375 0.02109375 0.0953125
1 0.43203125 0.3453125 0.01484375 0.0921875
1 0.2 0.38828125 0.021875 0.10703125
2 0.590625 0.4625 0.03125 0.034375
0 0.815625 0.53203125 0.07421875 0.0390625
1 0.23359375 0.353125 0.01875 0.09453125
1 0.20390625 0.521875 0.028125 0.0984375
2 0.85859375 0.56484375 0.03515625 0.05234375
1 0.52109375 0.6078125 0.0421875 0.1078125
1 0.84296875 0.69140625 0.03828125 0.1390625
1 0.465625 0.4171875 0.03203125 0.22578125