2 0.3828125 0.11875 0.06328125 0.0453125
2 0.4609375 0.11484375 0.06171875 0.04609375
2 0.825 0.0875 0.06328125 0.04453125
2 0.6890625 0.1 0.059375 0.04609375
2 0.05859375 0.14296875 0.06796875 0.04375
2 0.759375 0.096875 0.0609375 0.0453125
1 0.46171875 0.22890625 0.04765625 0.13984375
2 0.88984375 0.08828125 0.06796875 0.04609375
1 0.38203125 0.225 0.06796875 0.159375
2 0.14375 0.1328125 0.065625 0.04453125
2 0.30546875 0.1296875 0.06328125 0.04453125
2 0.22578125 0.13203125 0.06328125 0.04453125
2 0.95390625 0.084375 0.0703125 0.0484375
1 0.30234375 0.23125 0.0921875 0.15625
1 0.69609375 0.1984375 0.078125 0.15
1 0.196875 0.21015625 0.0734375 0.1171875
1 0.66796875 0.25625 0.0375 0.06015625
1 0.0296875 0.22578125 0.05859375 0.10078125
1 0.9609375 0.18984375 0.0765625 0.15234375
1 0.78515625 0.16796875 0.0734375 0.121875
1 0.7609375 0.20703125 0.05625 0.0953125
1 0.25078125 0.2765625 0.06015625 0.075
1 0.10625 0.2078125 0.0796875 0.10859375
1 0.165625 0.25625 0.08515625 0.121875
1 0.84453125 0.1765625 0.128125 0.20234375
1 0.0984375 0.28359375 0.0765625 0.0796875
1 0.06171875 0.2546875 0.053125 0.0828125