2 0.22109375 0.6 0.090625 0.0953125
2 0.3265625 0.6109375 0.09296875 0.09609375
2 0.53671875 0.62734375 0.09765625 0.09765625
2 0.4375 0.61640625 0.09453125 0.09765625
2 0.63203125 0.62890625 0.096875 0.09765625
2 0.85546875 0.646875 0.103125 0.10078125
2 0.74296875 0.6421875 0.09921875 0.0984375
1 0.61640625 0.73984375 0.05078125 0.15078125
1 0.4359375 0.7234375 0.04765625 0.153125
1 0.82265625 0.75625 0.05625 0.1625
2 0.01640625 0.73515625 0.0328125 0.1140625
1 0.34140625 0.4265625 0.0453125 0.20234375
1 0.5453125 0.44296875 0.0546875 0.20859375
1 0.74921875 0.4515625 0.06328125 0.20625
1 0.23671875 0.41953125 0.04375 0.20078125
1 0.44921875 0.43359375 0.05234375 0.20625
1 0.23515625 0.7078125 0.046875 0.159375
1 0.334375 0.721875 0.05078125 0.15390625
1 0.5265625 0.73828125 0.05625 0.1578125
1 0.71953125 0.7515625 0.06171875 0.16171875
1 0.63984375 0.44296875 0.059375 0.20859375
2 0.9859375 0.8890625 0.028125 0.1328125
1 0.8578125 0.45703125 0.06875 0.21171875