1 0.33515625 0.39375 0.06484375 0.29453125
1 0.07421875 0.4328125 0.1 0.303125
1 0.13984375 0.421875 0.0875 0.3
1 0.26953125 0.4078125 0.075 0.29296875
1 0.5640625 0.36640625 0.040625 0.28515625
1 0.203125 0.41328125 0.08046875 0.29609375
1 0.50390625 0.371875 0.04375 0.28671875
1 0.02890625 0.4609375 0.05625 0.2484375
2 0.73046875 0.47734375 0.01875 0.08046875
2 0.80234375 0.75234375 0.02265625 0.08515625
2 0.7546875 0.57734375 0.01953125 0.0828125
1 0.1875 0.33125 0.046875 0.1328125
2 0.78515625 0.68984375 0.021875 0.0890625
1 0.11875 0.3375 0.04765625 0.13203125
1 0.2546875 0.3234375 0.0421875 0.128125
1 0.3234375 0.3125 0.0390625 0.13203125
1 0.053125 0.346875 0.05234375 0.13203125
1 0.840625 0.65078125 0.05859375 0.3109375
2 0.77421875 0.63359375 0.021875 0.0921875
1 0.49921875 0.29296875 0.0296875 0.12421875
2 0.54140625 0.8375 0.06640625 0.0625
2 0.7265625 0.43515625 0.01640625 0.0640625
2 0.009375 0.484375 0.01875 0.05390625
2 0.75 0.5265625 0.01875 0.06640625
1 0.8125 0.59921875 0.05703125 0.38125
1 0.7796875 0.4546875 0.04375 0.2453125
2 0.4609375 0.8515625 0.06171875 0.06171875
1 0.77890625 0.34921875 0.028125 0.13515625
1 0.85078125 0.5765625 0.03671875 0.14765625
1 0.8390625 0.51796875 0.0328125 0.13046875
2 0.38046875 0.865625 0.06328125 0.06328125
2 0.0359375 0.94921875 0.0703125 0.04296875
2 0.5671875 0.4078125 0.05 0.07265625
2 0.503125 0.42109375 0.046875 0.0640625
2 0.33125 0.4296875 0.06328125 0.05546875
2 0.2640625 0.44765625 0.04921875 0.078125
2 0.19609375 0.45 0.078125 0.07421875
2 0.13515625 0.4625 0.05859375 0.08515625
2 0.0640625 0.46640625 0.053125 0.08984375