2 0.059375 0.14375 0.06640625 0.04296875
2 0.14296875 0.1328125 0.06484375 0.0453125
2 0.3828125 0.1203125 0.0625 0.04609375
2 0.2265625 0.13125 0.06328125 0.04375
2 0.30625 0.13046875 0.0640625 0.0453125
1 0.4625 0.228125 0.0484375 0.1453125
2 0.76015625 0.09609375 0.0609375 0.0453125
2 0.46171875 0.11484375 0.0625 0.046875
2 0.890625 0.0890625 0.06796875 0.04609375
2 0.825 0.08671875 0.0640625 0.04453125
2 0.95390625 0.084375 0.06953125 0.04609375
1 0.3828125 0.228125 0.06796875 0.15390625
0 0.06796875 0.24921875 0.1203125 0.146875
2 0.690625 0.10078125 0.06015625 0.04609375
1 0.92265625 0.17421875 0.1546875 0.1984375
1 0.6984375 0.1953125 0.07265625 0.13828125
1 0.23515625 0.2125 0.103125 0.2015625
1 0.15625 0.2125 0.09765625 0.203125
1 0.8390625 0.18359375 0.1296875 0.19296875
1 0.30546875 0.23203125 0.0953125 0.1578125
1 0.76796875 0.19453125 0.1046875 0.1703125