2 0.5046875 0.63203125 0.09453125 0.09921875
2 0.7015625 0.70625 0.096875 0.10078125
2 0.3078125 0.55859375 0.09375 0.0984375
2 0.59765625 0.66171875 0.096875 0.0984375
2 0.809375 0.74375 0.10234375 0.10078125
2 0.20859375 0.51640625 0.09140625 0.096875
2 0.4125 0.59296875 0.0921875 0.09765625
1 0.26796875 0.34296875 0.08125 0.20390625
1 0.5578125 0.45546875 0.096875 0.2109375
1 0.64765625 0.4859375 0.09921875 0.2078125
1 0.4671875 0.41953125 0.09140625 0.20859375
1 0.3625 0.3859375 0.0875 0.20703125
1 0.475 0.73828125 0.075 0.14140625
1 0.38515625 0.70234375 0.06796875 0.128125
1 0.7515625 0.83984375 0.0875 0.15859375
1 0.7515625 0.525 0.10703125 0.21171875
1 0.19375 0.6234375 0.07421875 0.1515625
1 0.2875 0.66796875 0.078125 0.15078125
1 0.5578125 0.76484375 0.0875 0.16171875
1 0.85625 0.5609375 0.11171875 0.21328125
1 0.6546875 0.8078125 0.09140625 0.1625