2 0.18515625 0.4921875 0.065625 0.08203125
2 0.42890625 0.46328125 0.0609375 0.078125
2 0.26875 0.48203125 0.06328125 0.08046875
2 0.3484375 0.4703125 0.06171875 0.078125
2 0.5921875 0.4421875 0.05625 0.075
1 0.775 0.3703125 0.06640625 0.37265625
2 0.86875 0.40703125 0.05625 0.07421875
2 0.50859375 0.453125 0.05703125 0.078125
1 0.17734375 0.3296875 0.05234375 0.1828125
1 0.2609375 0.321875 0.04765625 0.17734375
1 0.5015625 0.296875 0.03046875 0.175
1 0.78828125 0.265625 0.0421875 0.165625
1 0.85859375 0.2578125 0.04609375 0.1640625
1 0.4203125 0.30390625 0.034375 0.178125
1 0.20859375 0.53671875 0.0515625 0.18515625
2 0.58125 0.41015625 0.0421875 0.05234375
1 0.5765625 0.5125 0.03046875 0.12265625
1 0.82890625 0.46796875 0.0421875 0.14609375
1 0.35703125 0.5390625 0.03515625 0.12265625
1 0.503125 0.51796875 0.03046875 0.1421875
1 0.28515625 0.54921875 0.0375 0.11953125
2 0.3484375 0.4328125 0.04453125 0.0484375