2 0.34765625 0.4703125 0.06171875 0.07890625
2 0.428125 0.46171875 0.05859375 0.07890625
2 0.26796875 0.48046875 0.0625 0.08203125
2 0.1859375 0.490625 0.06484375 0.08125
2 0.590625 0.44140625 0.0578125 0.07734375
2 0.51171875 0.4515625 0.05546875 0.0765625
2 0.86796875 0.4078125 0.05703125 0.0734375
2 0.79921875 0.415625 0.05546875 0.07578125
2 0.58203125 0.40859375 0.04375 0.05234375
2 0.85 0.37890625 0.04375 0.0546875
2 0.50234375 0.41875 0.04296875 0.053125
1 0.4296875 0.54296875 0.03515625 0.1171875
1 0.2859375 0.559375 0.03984375 0.1203125
1 0.5765625 0.52265625 0.03203125 0.115625
1 0.765625 0.475 0.03984375 0.1484375
1 0.340625 0.3109375 0.04140625 0.17578125
1 0.2609375 0.3203125 0.04765625 0.1765625
1 0.2109375 0.55546875 0.04375 0.146875
1 0.1765625 0.32890625 0.05234375 0.18046875
1 0.78828125 0.26484375 0.04140625 0.16640625
1 0.82890625 0.47109375 0.0421875 0.14609375
1 0.4203125 0.303125 0.034375 0.17578125