1 0.4375 0.3859375 0.08125 0.390625
2 0.196875 0.3765625 0.06328125 0.08125
1 0.3640625 0.36484375 0.08046875 0.3859375
2 0.27890625 0.39765625 0.0625 0.07890625
1 0.596875 0.42578125 0.09140625 0.37578125
2 0.871875 0.54609375 0.0578125 0.07265625
2 0.803125 0.528125 0.0578125 0.07421875
2 0.51484375 0.45625 0.05390625 0.0734375
1 0.82109375 0.38046875 0.06953125 0.16171875
1 0.4578125 0.28046875 0.05 0.17734375
1 0.88984375 0.39921875 0.07109375 0.1609375
1 0.61875 0.32265625 0.05703125 0.17265625
1 0.2203125 0.2140625 0.03828125 0.18203125
1 0.38125 0.25859375 0.0484375 0.178125
1 0.3015625 0.2375 0.04453125 0.17890625
1 0.56953125 0.54140625 0.0453125 0.128125
1 0.496875 0.53046875 0.04296875 0.115625
1 0.82421875 0.58828125 0.06171875 0.14375
1 0.28203125 0.46328125 0.0421875 0.146875
1 0.75859375 0.57109375 0.06015625 0.15234375
1 0.2078125 0.4390625 0.040625 0.16484375
2 0.51640625 0.42265625 0.04296875 0.05546875