2 0.184375 0.49140625 0.0640625 0.0796875
2 0.26796875 0.48125 0.06328125 0.0796875
2 0.34765625 0.46953125 0.0609375 0.078125
2 0.42890625 0.4625 0.06171875 0.078125
2 0.5078125 0.453125 0.0546875 0.07734375
2 0.5921875 0.440625 0.05625 0.07421875
1 0.775 0.36953125 0.06640625 0.37421875
2 0.86875 0.40703125 0.05703125 0.0734375
1 0.50078125 0.29609375 0.02890625 0.17109375
1 0.58203125 0.2875 0.02890625 0.1703125
1 0.78828125 0.2640625 0.04140625 0.165625
1 0.3390625 0.3109375 0.040625 0.175
1 0.259375 0.32109375 0.04609375 0.17734375
1 0.17578125 0.32734375 0.05078125 0.1796875
1 0.85859375 0.2578125 0.04453125 0.1671875
1 0.4203125 0.30390625 0.034375 0.17734375
1 0.4296875 0.54140625 0.034375 0.11640625
1 0.578125 0.5046875 0.0328125 0.14296875
1 0.21015625 0.55234375 0.04375 0.1546875
1 0.82890625 0.46875 0.040625 0.146875
2 0.9125 0.971875 0.0953125 0.05390625