2 0.41640625 0.45546875 0.0734375 0.09296875
1 0.13828125 0.42890625 0.10078125 0.47109375
2 0.22734375 0.47890625 0.07421875 0.09453125
2 0.321875 0.465625 0.0734375 0.09296875
1 0.5078125 0.3859375 0.05859375 0.45703125
2 0.6078125 0.43203125 0.06875 0.09140625
1 0.909375 0.33984375 0.0953125 0.4359375
2 0.85234375 0.40078125 0.06484375 0.08515625
1 0.3140625 0.278125 0.04921875 0.2078125
1 0.21875 0.28984375 0.05546875 0.209375
1 0.1203125 0.29921875 0.06015625 0.2109375
1 0.83984375 0.2234375 0.04921875 0.19609375
1 0.596875 0.2515625 0.0359375 0.2046875
1 0.33203125 0.553125 0.0421875 0.1390625
1 0.92265625 0.21796875 0.05390625 0.19921875
1 0.40703125 0.26796875 0.040625 0.2078125
1 0.24609375 0.56328125 0.04453125 0.1453125
1 0.4171875 0.5453125 0.0375 0.1375
1 0.81171875 0.47109375 0.046875 0.17734375
1 0.8875 0.4625 0.05 0.18125
1 0.59140625 0.509375 0.0390625 0.171875