2 0.8890625 0.28046875 0.07578125 0.11875
2 0.38515625 0.35 0.08671875 0.13046875
2 0.60859375 0.3203125 0.07734375 0.12265625
2 0.1578125 0.38046875 0.08984375 0.13203125
2 0.27265625 0.36328125 0.08828125 0.1296875
2 0.496875 0.3390625 0.078125 0.1265625
2 0.0421875 0.3953125 0.084375 0.13046875
2 0.971875 0.26796875 0.05625 0.1140625
1 0.59765625 0.1078125 0.04453125 0.21171875
1 0.48671875 0.11484375 0.04140625 0.2265625
1 0.2609375 0.12578125 0.0625 0.246875
1 0.14921875 0.1328125 0.075 0.26328125
1 0.37421875 0.12109375 0.0515625 0.2375
1 0.03671875 0.13828125 0.071875 0.27109375
1 0.290625 0.48671875 0.0453125 0.1703125
1 0.96328125 0.08359375 0.06328125 0.1640625
1 0.87265625 0.08984375 0.0609375 0.17578125
1 0.08828125 0.49296875 0.0578125 0.22109375
1 0.3875 0.47109375 0.04375 0.19453125
1 0.4859375 0.45859375 0.034375 0.1828125
1 0.58359375 0.4328125 0.04140625 0.2109375
1 0.91328125 0.37421875 0.06484375 0.22265625
1 0.1921875 0.47265625 0.0640625 0.24765625
1 0.82890625 0.38515625 0.059375 0.22890625
2 0.2765625 0.31484375 0.0609375 0.09609375
2 0.95 0.23203125 0.05703125 0.08125