2 0.10625 0.409375 0.078125 0.11328125
2 0.2078125 0.39609375 0.07578125 0.109375
2 0.40234375 0.371875 0.0734375 0.109375
2 0.49609375 0.36015625 0.06484375 0.10703125
2 0.30625 0.3828125 0.07421875 0.1109375
2 0.9078125 0.30546875 0.06328125 0.09375
2 0.59296875 0.3453125 0.06640625 0.10703125
2 0.83203125 0.3140625 0.0609375 0.096875
1 0.15 0.5 0.0484375 0.1859375
1 0.8203125 0.11328125 0.06015625 0.2265625
1 0.58359375 0.134375 0.0390625 0.2375
1 0.90078125 0.109375 0.065625 0.21796875
1 0.403125 0.46953125 0.03671875 0.1765625
2 0.425 0.4203125 0.13359375 0.234375
1 0.32109375 0.46484375 0.04453125 0.21015625
1 0.48828125 0.14765625 0.034375 0.24921875
1 0.3921875 0.15703125 0.04140625 0.253125
1 0.56953125 0.4453125 0.03125 0.1609375
1 0.296875 0.1625 0.0515625 0.2515625
1 0.2390625 0.48515625 0.0515625 0.20078125
1 0.19921875 0.17265625 0.0609375 0.25703125
1 0.0984375 0.18125 0.07109375 0.26015625
1 0.853125 0.390625 0.05625 0.18828125
1 0.78046875 0.3984375 0.04921875 0.1953125
2 0.88359375 0.27109375 0.046875 0.06875