2 0.1078125 0.41015625 0.0796875 0.1140625
2 0.20859375 0.396875 0.0765625 0.109375
2 0.40234375 0.371875 0.0734375 0.11015625
2 0.83125 0.3125 0.06484375 0.10234375
2 0.30625 0.3828125 0.07421875 0.11015625
2 0.59375 0.346875 0.06875 0.1078125
2 0.496875 0.3609375 0.0671875 0.10625
2 0.91171875 0.3046875 0.0640625 0.10078125
1 0.81953125 0.1125 0.06171875 0.225
1 0.15 0.49765625 0.04921875 0.18203125
1 0.48828125 0.14765625 0.03515625 0.2484375
1 0.9 0.10859375 0.0671875 0.21640625
1 0.20078125 0.171875 0.06328125 0.2578125
1 0.09921875 0.18125 0.07265625 0.25703125
1 0.39296875 0.15703125 0.04296875 0.2546875
1 0.4046875 0.4734375 0.0390625 0.17109375
1 0.32109375 0.48046875 0.0390625 0.1609375
2 0.30859375 0.33984375 0.05234375 0.075
1 0.8546875 0.3875 0.05859375 0.19296875
1 0.57109375 0.44140625 0.0359375 0.1828125
1 0.23828125 0.48125 0.053125 0.2046875
1 0.78203125 0.3984375 0.05 0.1953125
2 0.8828125 0.2703125 0.04765625 0.06875
2 0.80390625 0.2796875 0.05078125 0.07265625