2 0.42421875 0.3359375 0.0703125 0.11328125
2 0.13515625 0.2484375 0.07734375 0.11875
2 0.23515625 0.27734375 0.075 0.1109375
2 0.33125 0.3046875 0.07421875 0.1109375
2 0.6140625 0.3890625 0.0671875 0.103125
2 0.51640625 0.3625 0.06328125 0.10390625
2 0.92734375 0.4859375 0.0671875 0.0890625
2 0.8484375 0.46171875 0.0671875 0.09765625
1 0.5453125 0.1546875 0.06171875 0.2453125
1 0.64140625 0.18125 0.0671875 0.24296875
1 0.4515625 0.121875 0.0578125 0.24140625
1 0.26171875 0.09453125 0.04453125 0.18359375
1 0.3578125 0.109375 0.05390625 0.2171875
1 0.1640625 0.078125 0.0390625 0.14921875
1 0.8703125 0.26328125 0.096875 0.2203125
1 0.49453125 0.4546875 0.04765625 0.1609375
1 0.33046875 0.4015625 0.0484375 0.1796875
1 0.5828125 0.46171875 0.06328125 0.20546875
1 0.246875 0.37265625 0.04296875 0.19921875
1 0.1578125 0.34375 0.046875 0.221875
1 0.85859375 0.5421875 0.08515625 0.18203125
1 0.784375 0.51875 0.07421875 0.190625
2 0.5171875 0.32265625 0.04453125 0.0671875
2 0.43046875 0.28671875 0.0515625 0.0828125