2 0.40234375 0.3703125 0.0734375 0.11015625
2 0.5921875 0.34609375 0.06953125 0.11015625
2 0.30625 0.38046875 0.075 0.1125
2 0.20859375 0.39609375 0.0765625 0.1109375
2 0.10859375 0.40625 0.08046875 0.12109375
2 0.9109375 0.3046875 0.06484375 0.10234375
2 0.83125 0.3140625 0.06484375 0.1046875
1 0.49375 0.2875 0.06640625 0.5421875
1 0.15 0.5015625 0.04921875 0.18046875
1 0.321875 0.49375 0.04140625 0.15
1 0.5828125 0.1375 0.0390625 0.23671875
1 0.4046875 0.4796875 0.0390625 0.16171875
2 0.3078125 0.33828125 0.05546875 0.071875
1 0.23828125 0.49140625 0.05078125 0.184375
1 0.57109375 0.4484375 0.03515625 0.1671875
1 0.82109375 0.11171875 0.06015625 0.2234375
1 0.90078125 0.10703125 0.06640625 0.2140625
1 0.853125 0.39140625 0.0578125 0.18984375
1 0.2 0.17265625 0.0625 0.25859375
1 0.78203125 0.40078125 0.04921875 0.18828125
2 0.8828125 0.275 0.04921875 0.0765625
1 0.39296875 0.15625 0.04296875 0.25234375
2 0.80703125 0.28046875 0.04609375 0.07265625
1 0.0984375 0.18203125 0.071875 0.26015625
1 0.4890625 0.14609375 0.0359375 0.246875