2 0.26015625 0.159375 0.0484375 0.14609375
1 0.70078125 0.615625 0.07421875 0.43671875
1 0.61328125 0.625 0.06484375 0.43046875
1 0.6859375 0.46953125 0.0421875 0.15546875
1 0.6109375 0.49296875 0.0375 0.184375
2 0.96328125 0.509375 0.0734375 0.09140625
2 0.61484375 0.55859375 0.06640625 0.08984375
2 0.7015625 0.5484375 0.06796875 0.0890625
1 0.94140625 0.58359375 0.1171875 0.4578125
2 0.3078125 0.26015625 0.04140625 0.13359375
1 0.14296875 0.275 0.140625 0.48671875
1 0.91328125 0.45 0.059375 0.18984375
2 0.38125 0.509375 0.02734375 0.09921875
1 0.2828125 0.5703125 0.08203125 0.33125
2 0.22265625 0.06171875 0.053125 0.08125
2 0.3296875 0.35546875 0.034375 0.12109375
1 0.07890625 0.203125 0.134375 0.3609375
2 0.365625 0.43671875 0.03203125 0.1140625
1 0.171875 0.0796875 0.078125 0.115625
1 0.984375 0.43671875 0.03046875 0.19296875