2 0.9625 0.5109375 0.075 0.0953125
1 0.70078125 0.61484375 0.07734375 0.4390625
2 0.61484375 0.55859375 0.06640625 0.090625
1 0.61484375 0.62421875 0.0671875 0.434375
2 0.7015625 0.54921875 0.06796875 0.09296875
1 0.684375 0.4578125 0.0453125 0.134375
2 0.2609375 0.16171875 0.0515625 0.15
2 0.365625 0.43359375 0.03203125 0.1125
1 0.9421875 0.58359375 0.11484375 0.465625
2 0.3078125 0.25625 0.04296875 0.134375
1 0.60859375 0.46796875 0.04296875 0.1375
1 0.9125 0.4453125 0.05625 0.18046875
2 0.38203125 0.509375 0.02578125 0.10078125
1 0.14296875 0.27109375 0.13984375 0.4859375
2 0.334375 0.35703125 0.0328125 0.11875
1 0.29609375 0.59765625 0.08359375 0.32734375
1 0.06953125 0.22109375 0.1125 0.3
1 0.171875 0.07734375 0.07734375 0.109375
2 0.2234375 0.06015625 0.05625 0.08359375
1 0.21953125 0.1703125 0.04609375 0.046875
2 0.3265625 0.503125 0.03203125 0.0875