2 0.2984375 0.45078125 0.06796875 0.08828125
2 0.38515625 0.44140625 0.0671875 0.0890625
2 0.03828125 0.4890625 0.0734375 0.09140625
2 0.7390625 0.83671875 0.04765625 0.14140625
2 0.61875 0.48984375 0.0265625 0.10078125
2 0.65859375 0.53671875 0.08671875 0.20859375
2 0.63359375 0.559375 0.03125 0.10703125
2 0.6921875 0.7375 0.040625 0.1375
1 0.90703125 0.7984375 0.1546875 0.346875
1 0.2890625 0.265625 0.0484375 0.20234375
2 0.77578125 0.93671875 0.05625 0.0765625
1 0.375 0.25859375 0.03984375 0.2
1 0.315625 0.53359375 0.03828125 0.1265625
1 0.38984375 0.51640625 0.03828125 0.14765625
1 0.7046875 0.3390625 0.05234375 0.21875
2 0.05546875 0.43515625 0.0578125 0.07421875
2 0.3828125 0.40546875 0.04609375 0.0640625
1 0.7796875 0.4703125 0.0703125 0.24921875
1 0.7296875 0.3984375 0.059375 0.225
1 0.81328125 0.55546875 0.07890625 0.2640625
2 0.8046875 0.8625 0.18359375 0.22109375
1 0.87578125 0.64140625 0.09921875 0.27734375