2 0.05234375 0.30703125 0.0734375 0.09921875
2 0.3125 0.3734375 0.065625 0.08828125
2 0.3984375 0.396875 0.06640625 0.08828125
2 0.6734375 0.91796875 0.04765625 0.1453125
2 0.634375 0.58359375 0.0625 0.1875
2 0.6453125 0.80390625 0.03828125 0.12890625
1 0.08359375 0.24453125 0.06015625 0.47734375
2 0.61875 0.61171875 0.03046875 0.11328125
2 0.61640625 0.53203125 0.02890625 0.08828125
1 0.3375 0.19140625 0.04609375 0.20859375
1 0.42265625 0.2171875 0.05078125 0.2046875
1 0.81796875 0.8203125 0.19921875 0.35859375
1 0.08046875 0.11796875 0.0390625 0.22265625
1 0.38984375 0.47421875 0.04296875 0.128125
1 0.72734375 0.42109375 0.08515625 0.209375
1 0.31484375 0.45390625 0.040625 0.1296875
1 0.775 0.5828125 0.10703125 0.2390625