2 0.2625 0.44296875 0.08046875 0.1015625
2 0.365625 0.43046875 0.07578125 0.09921875
2 0.7796875 0.89609375 0.05703125 0.17109375
2 0.65859375 0.5703125 0.0359375 0.1234375
2 0.72578125 0.7796875 0.05078125 0.15703125
2 0.63984375 0.48515625 0.03125 0.1125
2 0.7 0.66484375 0.0390625 0.1296875
1 0.9125 0.7453125 0.17109375 0.5015625
1 0.25234375 0.22421875 0.05625 0.2421875
1 0.353125 0.21640625 0.0453125 0.23671875
1 0.36953125 0.509375 0.04375 0.18671875
1 0.02578125 0.515625 0.05 0.2953125
1 0.815625 0.6859375 0.1953125 0.6015625
1 0.74140625 0.3109375 0.0625 0.25703125
1 0.28203125 0.540625 0.04453125 0.15078125
1 0.8296875 0.4671875 0.084375 0.29453125
1 0.7703125 0.38203125 0.0703125 0.26875
1 0.69609375 0.56875 0.0421875 0.040625