1 0.37578125 0.2953125 0.0375 0.18828125
1 0.05859375 0.33359375 0.0609375 0.19765625
1 0.2203125 0.31875 0.05859375 0.20859375
1 0.94765625 0.69296875 0.053125 0.18046875
1 0.14296875 0.32890625 0.06328125 0.21171875
1 0.503125 0.28203125 0.0375 0.1921875
1 0.3015625 0.3125 0.05 0.2078125
1 0.5421875 0.85078125 0.0390625 0.16328125
1 0.44609375 0.8671875 0.0359375 0.17109375
1 0.58359375 0.3421875 0.04921875 0.32578125
1 0.09296875 0.51015625 0.05859375 0.1609375
1 0.16640625 0.5015625 0.05546875 0.15234375
1 0.02890625 0.45390625 0.05546875 0.2921875