1 0.42890625 0.2921875 0.04765625 0.16015625
1 0.29765625 0.259375 0.0375 0.1671875
1 0.16484375 0.2265625 0.03125 0.17578125
1 0.534375 0.321875 0.05078125 0.16171875
1 0.36484375 0.28203125 0.04375 0.1703125
1 0.78828125 0.4640625 0.06171875 0.14921875
1 0.6078125 0.33671875 0.05234375 0.15546875
1 0.23203125 0.25 0.0359375 0.1859375
1 0.10390625 0.27734375 0.046875 0.30625
1 0.0421875 0.29453125 0.04296875 0.24296875
1 0.79765625 0.7234375 0.11171875 0.32578125
1 0.31171875 0.7890625 0.0328125 0.0984375
1 0.409375 0.43984375 0.04375 0.121875