1 0.33125 0.33671875 0.04140625 0.1703125
1 0.196875 0.3515625 0.0546875 0.1765625
1 0.128125 0.3625 0.05703125 0.18125
1 0.0640625 0.365625 0.05703125 0.1765625
1 0.028125 0.4578125 0.05625 0.26953125
1 0.57109375 0.36484375 0.040625 0.27734375
1 0.2640625 0.34765625 0.0515625 0.18125
1 0.39921875 0.38984375 0.04765625 0.29140625
1 0.503125 0.3734375 0.04140625 0.28203125
1 0.8109375 0.46796875 0.034375 0.15859375
1 0.76875 0.3734375 0.040625 0.18046875
1 0.09765625 0.52265625 0.0453125 0.115625
1 0.45390625 0.8109375 0.03046875 0.14375
1 0.8765625 0.675 0.05234375 0.1859375
1 0.8484375 0.59140625 0.0453125 0.1671875