1 0.5734375 0.3015625 0.028125 0.14921875
1 0.33046875 0.3328125 0.0390625 0.1625
1 0.1546875 0.5140625 0.0453125 0.12421875
1 0.12734375 0.36015625 0.05546875 0.1765625
1 0.26328125 0.34609375 0.05078125 0.1765625
1 0.571875 0.44921875 0.03359375 0.109375
1 0.8109375 0.4640625 0.03359375 0.15703125
1 0.19609375 0.35 0.053125 0.1734375
1 0.06328125 0.3640625 0.05625 0.1734375
1 0.3984375 0.390625 0.0484375 0.290625
1 0.503125 0.3125 0.03125 0.1609375
1 0.2796875 0.49453125 0.040625 0.11953125
1 0.09609375 0.52109375 0.05 0.1265625
1 0.2171875 0.50390625 0.04375 0.12421875
1 0.3421875 0.48671875 0.03984375 0.11953125
1 0.02890625 0.45546875 0.0578125 0.271875
1 0.84921875 0.590625 0.0390625 0.14921875
1 0.50546875 0.45390625 0.0375 0.12421875