1 0.33125 0.334375 0.040625 0.1671875
1 0.19609375 0.3515625 0.053125 0.17578125
1 0.57265625 0.3078125 0.03125 0.16640625
1 0.06484375 0.3671875 0.05859375 0.18125
1 0.12890625 0.3625 0.0578125 0.184375
1 0.503125 0.31484375 0.03359375 0.16875
1 0.26328125 0.34765625 0.05078125 0.18203125
1 0.0984375 0.5234375 0.04765625 0.11953125
1 0.77265625 0.35078125 0.03125 0.14375
1 0.1546875 0.5109375 0.04765625 0.13046875
1 0.39921875 0.39140625 0.04765625 0.29140625
1 0.45390625 0.8109375 0.03046875 0.14609375
1 0.846875 0.59140625 0.04375 0.15546875
1 0.028125 0.45703125 0.05625 0.2703125
1 0.53515625 0.79609375 0.0328125 0.13828125
1 0.2171875 0.5046875 0.04375 0.1234375
1 0.81015625 0.46875 0.0359375 0.16953125