1 0.56640625 0.59140625 0.01953125 0.234375
1 0.74453125 0.59296875 0.03125 0.22265625
1 0.83828125 0.53515625 0.03359375 0.18984375
1 0.596875 0.59453125 0.0203125 0.22890625
1 0.8171875 0.54375 0.03515625 0.2125
1 0.79765625 0.54453125 0.03828125 0.2328125
1 0.759375 0.55859375 0.03046875 0.27109375
0 0.14453125 0.45390625 0.1671875 0.06953125
1 0.53671875 0.5828125 0.01796875 0.2328125
2 0.54609375 0.56171875 0.02734375 0.04453125
2 0.60859375 0.575 0.02578125 0.04609375
1 0.8640625 0.528125 0.03671875 0.16640625
2 0.8328125 0.46796875 0.02109375 0.05390625
2 0.76796875 0.53203125 0.01796875 0.04921875
0 0.40234375 0.51640625 0.15078125 0.053125
2 0.7875 0.5140625 0.0171875 0.0484375
2 0.73515625 0.5703125 0.01640625 0.05078125
2 0.57734375 0.56640625 0.025 0.04296875
2 0.72109375 0.5875 0.015625 0.0453125
2 0.8125 0.4890625 0.01171875 0.05078125
1 0.78515625 0.6171875 0.0234375 0.115625
0 0.35625 0.5109375 0.059375 0.0390625
0 0.09453125 0.4515625 0.065625 0.0453125
2 0.14765625 0.44453125 0.04609375 0.06484375