2 0.8921875 0.46328125 0.025 0.06171875
1 0.89765625 0.54296875 0.040625 0.22890625
2 0.83828125 0.51875 0.0203125 0.05859375
2 0.55625 0.57421875 0.03125 0.05390625
2 0.59140625 0.58046875 0.03046875 0.05234375
2 0.76015625 0.6046875 0.01875 0.053125
2 0.81640625 0.5390625 0.0203125 0.05859375
2 0.77734375 0.58359375 0.01875 0.05625
1 0.61328125 0.53125 0.02109375 0.10390625
1 0.78828125 0.60703125 0.03515625 0.265625
1 0.92890625 0.534375 0.04140625 0.1921875
1 0.8734375 0.55 0.04140625 0.25390625
1 0.83515625 0.559375 0.040625 0.28984375
1 0.5421875 0.596875 0.01953125 0.26953125
2 0.628125 0.58828125 0.02890625 0.05234375
2 0.8 0.56171875 0.01953125 0.0546875
1 0.57890625 0.6046875 0.02109375 0.271875
2 0.86796875 0.4875 0.0140625 0.05859375
1 0.8046875 0.46484375 0.028125 0.11640625
0 0.384375 0.52109375 0.17890625 0.06484375
2 0.08125 0.425 0.040625 0.06171875
0 0.09140625 0.446875 0.17890625 0.075
1 0.61875 0.61328125 0.0375 0.2578125
1 0.7828125 0.52578125 0.02421875 0.08984375
1 0.825 0.46953125 0.025 0.09296875
1 0.0375 0.44609375 0.0703125 0.04765625
1 0.59765625 0.40625 0.0234375 0.1171875
1 0.53984375 0.39140625 0.021875 0.11640625
0 0.3328125 0.51484375 0.07421875 0.04375
1 0.103125 0.2828125 0.0390625 0.1296875