1 0.3265625 0.3328125 0.0359375 0.15390625
1 0.49921875 0.30859375 0.03046875 0.1515625
1 0.5578125 0.309375 0.03125 0.1609375
1 0.2640625 0.34296875 0.0390625 0.16015625
1 0.071875 0.43515625 0.08046875 0.29609375
1 0.2015625 0.35390625 0.0515625 0.17109375
1 0.13984375 0.42734375 0.071875 0.2953125
1 0.834375 0.59296875 0.05546875 0.24609375
1 0.77734375 0.3953125 0.03828125 0.20859375
1 0.878125 0.6859375 0.05390625 0.22734375
1 0.7953125 0.471875 0.0421875 0.209375
1 0.45078125 0.815625 0.04296875 0.12421875