1 0.1265625 0.35546875 0.0484375 0.1546875
1 0.3265625 0.3328125 0.0359375 0.15078125
1 0.5578125 0.30546875 0.0296875 0.1546875
1 0.071875 0.43515625 0.08046875 0.296875
1 0.20078125 0.35078125 0.0515625 0.16640625
1 0.49765625 0.37890625 0.04296875 0.284375
1 0.2703125 0.409375 0.0546875 0.28984375
1 0.83671875 0.58671875 0.05390625 0.23046875
1 0.771875 0.4546875 0.04765625 0.31484375
1 0.45078125 0.815625 0.0421875 0.1234375
1 0.215625 0.4921875 0.04609375 0.1375
1 0.14921875 0.50078125 0.05234375 0.1453125
1 0.878125 0.68671875 0.06015625 0.23203125