1 0.0984375 0.21015625 0.034375 0.16171875
1 0.16796875 0.225 0.03515625 0.15703125
1 0.23671875 0.24453125 0.040625 0.1625
1 0.29921875 0.2640625 0.0453125 0.1609375
1 0.36328125 0.27578125 0.046875 0.15234375
1 0.53203125 0.32109375 0.053125 0.16171875
1 0.590625 0.3375 0.05546875 0.1625
1 0.7765625 0.52734375 0.0859375 0.24765625
1 0.8109375 0.7015625 0.0828125 0.22109375
1 0.8328125 0.8171875 0.08203125 0.2125
1 0.3953125 0.78671875 0.05078125 0.12421875
1 0.478125 0.79921875 0.05078125 0.12890625