1 0.55703125 0.30703125 0.03203125 0.1578125
1 0.3265625 0.334375 0.0359375 0.15546875
1 0.071875 0.4359375 0.08046875 0.296875
1 0.140625 0.42734375 0.07265625 0.29609375
1 0.49765625 0.37890625 0.04296875 0.284375
1 0.20078125 0.35390625 0.05234375 0.17421875
1 0.834375 0.5921875 0.0546875 0.24296875
1 0.27109375 0.409375 0.0546875 0.290625
1 0.771875 0.4546875 0.0453125 0.31640625
1 0.79375 0.49609375 0.04921875 0.26328125
1 0.8765625 0.68828125 0.05859375 0.23125
1 0.45 0.81640625 0.0375 0.11796875