1 0.446875 0.61875 0.09296875 0.25234375
2 0.15703125 0.46796875 0.14765625 0.153125
1 0.6109375 0.6125 0.1 0.25703125
1 0.7828125 0.60703125 0.09921875 0.23515625
2 0.521875 0.46015625 0.1375 0.14453125
2 0.69609375 0.45703125 0.12890625 0.13984375
2 0.33359375 0.46171875 0.16484375 0.16015625
2 0.87421875 0.45078125 0.13359375 0.14140625
1 0.11640625 0.62890625 0.09140625 0.27265625
1 0.940625 0.596875 0.109375 0.25859375
1 0.28671875 0.625 0.0765625 0.24921875
1 0.8671875 0.19296875 0.11953125 0.303125
1 0.68203125 0.20234375 0.1078125 0.31015625
1 0.1484375 0.21015625 0.07734375 0.31484375
1 0.5046875 0.2046875 0.10234375 0.31015625
1 0.328125 0.21015625 0.09921875 0.31484375
2 0.9625 0.43046875 0.07421875 0.14140625
2 0.02109375 0.478125 0.0421875 0.14375