1 0.63359375 0.6328125 0.11640625 0.30390625
1 0.43828125 0.6390625 0.10078125 0.29375
1 0.82890625 0.6234375 0.128125 0.30546875
2 0.3234375 0.4609375 0.16015625 0.16796875
2 0.93515625 0.4421875 0.1296875 0.16015625
2 0.5296875 0.45625 0.1578125 0.165625
2 0.09921875 0.46484375 0.1640625 0.16875
1 0.24765625 0.64609375 0.10625 0.31015625
1 0.30546875 0.16640625 0.11328125 0.3328125
1 0.0515625 0.6578125 0.0984375 0.3078125
1 0.0875 0.17265625 0.09375 0.34140625
1 0.721875 0.16796875 0.1359375 0.3296875
2 0.73828125 0.4515625 0.140625 0.15546875
1 0.50625 0.17109375 0.1265625 0.33515625
1 0.93125 0.1609375 0.1296875 0.321875