1 0.6125 0.60859375 0.09921875 0.26875
1 0.44765625 0.6125 0.0921875 0.2640625
1 0.78203125 0.6078125 0.1078125 0.26171875
1 0.28828125 0.615625 0.08515625 0.27890625
1 0.11484375 0.65703125 0.078125 0.22734375
2 0.16015625 0.4703125 0.14453125 0.14765625
2 0.34765625 0.4671875 0.134375 0.1421875
2 0.5234375 0.4625 0.13203125 0.14140625
2 0.7015625 0.4578125 0.13359375 0.14453125
2 0.87734375 0.453125 0.1234375 0.1328125
1 0.9328125 0.62578125 0.10078125 0.20703125
1 0.3296875 0.2078125 0.09296875 0.3109375
1 0.14921875 0.209375 0.07421875 0.31796875
1 0.86875 0.19296875 0.11953125 0.303125
1 0.6828125 0.20234375 0.1078125 0.309375
1 0.50234375 0.20625 0.1046875 0.31484375