2 0.1765625 0.38125 0.1375 0.1390625
2 0.53203125 0.47109375 0.1359375 0.13984375
2 0.8765625 0.55390625 0.134375 0.1359375
2 0.359375 0.42734375 0.13828125 0.14296875
2 0.7015625 0.51640625 0.1375 0.14140625
1 0.2625 0.56328125 0.1296875 0.25234375
1 0.425 0.5984375 0.14375 0.25859375
1 0.2359375 0.14296875 0.1546875 0.2859375
1 0.7484375 0.67734375 0.15859375 0.25703125
1 0.92265625 0.30546875 0.15234375 0.29453125
1 0.7484375 0.2625 0.171875 0.3015625
1 0.40703125 0.175 0.1609375 0.3078125
1 0.08203125 0.55390625 0.10859375 0.2078125
1 0.88671875 0.7484375 0.12265625 0.1671875
1 0.5765625 0.2171875 0.171875 0.30703125
1 0.565625 0.684375 0.10859375 0.159375
2 0.03671875 0.3484375 0.05625 0.1359375
1 0.5953125 0.6171875 0.10859375 0.1984375
1 0.10546875 0.48046875 0.084375 0.1203125