1 0.446875 0.61171875 0.09375 0.265625
1 0.6140625 0.609375 0.0984375 0.2640625
2 0.159375 0.46953125 0.1421875 0.1484375
2 0.52421875 0.4625 0.13828125 0.14453125
1 0.7828125 0.60234375 0.109375 0.2671875
2 0.7015625 0.45859375 0.1203125 0.1328125
2 0.87890625 0.45234375 0.13046875 0.14453125
1 0.2875 0.62421875 0.08125 0.26015625
1 0.115625 0.63671875 0.08984375 0.2578125
2 0.34765625 0.46640625 0.13828125 0.146875
1 0.50703125 0.20234375 0.1015625 0.3078125
1 0.14921875 0.209375 0.07734375 0.31484375
1 0.86640625 0.19296875 0.12265625 0.3046875
1 0.68125 0.20234375 0.109375 0.309375
1 0.3296875 0.20703125 0.09609375 0.309375
1 0.93203125 0.6359375 0.09765625 0.1796875