1 0.4234375 0.63828125 0.07890625 0.1515625
1 0.32734375 0.55546875 0.0703125 0.146875
1 0.68828125 0.790625 0.10859375 0.2125
1 0.59921875 0.403125 0.11328125 0.2765625
1 0.23984375 0.48828125 0.078125 0.1625
1 0.55078125 0.7 0.10703125 0.19765625
1 0.2328125 0.2171875 0.06875 0.22265625
1 0.46171875 0.321875 0.090625 0.2421875
1 0.3421875 0.25546875 0.06796875 0.1984375
1 0.1625 0.43828125 0.071875 0.14609375
1 0.14453125 0.17265625 0.0671875 0.209375
1 0.76953125 0.5046875 0.1515625 0.32578125
0 0.86640625 0.821875 0.225 0.1984375
2 0.3640625 0.5359375 0.071875 0.08203125
1 0.33203125 0.40859375 0.065625 0.084375
2 0.4875 0.62421875 0.0734375 0.084375
2 0.6609375 0.72734375 0.09921875 0.10703125
2 0.2640625 0.48046875 0.0828125 0.07265625
2 0.1125 0.384375 0.0640625 0.07109375
0 0.0671875 0.31484375 0.134375 0.10390625