1 0.490625 0.7015625 0.09765625 0.1453125
2 0.4546875 0.6171875 0.075 0.090625
1 0.1875 0.3640625 0.071875 0.13125
1 0.2515625 0.42734375 0.08828125 0.1640625
1 0.2515625 0.10078125 0.08359375 0.19296875
1 0.60390625 0.8234375 0.1078125 0.1640625
1 0.51484375 0.31484375 0.13125 0.2234375
1 0.62734375 0.42890625 0.1671875 0.259375
1 0.32734375 0.153125 0.0921875 0.20078125
2 0.3578125 0.50234375 0.06875 0.08671875
1 0.7796875 0.54765625 0.18203125 0.25
2 0.5796875 0.75234375 0.09140625 0.096875
0 0.721875 0.84921875 0.315625 0.278125
1 0.4171875 0.228125 0.10859375 0.20546875
2 0.21796875 0.3453125 0.05703125 0.08046875
2 0.16328125 0.2921875 0.04609375 0.071875