1 0.69140625 0.7859375 0.09609375 0.19921875
1 0.5484375 0.7015625 0.0859375 0.17890625
1 0.3296875 0.54921875 0.07109375 0.15390625
1 0.78359375 0.47265625 0.12265625 0.253125
1 0.6015625 0.3984375 0.10859375 0.26328125
1 0.4625 0.3203125 0.09140625 0.23828125
1 0.34375 0.2546875 0.0703125 0.203125
1 0.24296875 0.5015625 0.071875 0.134375
1 0.165625 0.4234375 0.07734375 0.18359375
1 0.23359375 0.20625 0.065625 0.20234375
1 0.14453125 0.17265625 0.06796875 0.2125
1 0.43046875 0.61484375 0.1 0.2046875
2 0.48828125 0.62265625 0.07734375 0.0890625
2 0.6453125 0.72421875 0.09296875 0.09453125
0 0.8578125 0.81796875 0.25078125 0.225
2 0.11953125 0.38046875 0.05390625 0.0765625