1 0.56484375 0.7296875 0.10625 0.2140625
1 0.62265625 0.38203125 0.13046875 0.31484375
1 0.0828125 0.12265625 0.08046875 0.23515625
1 0.734375 0.82734375 0.14140625 0.27265625
1 0.1875 0.159375 0.07734375 0.24453125
1 0.315625 0.221875 0.08515625 0.259375
1 0.1078125 0.409375 0.0875 0.21171875
1 0.30078125 0.55390625 0.08984375 0.2
1 0.42109375 0.6359375 0.11015625 0.23671875
1 0.4578125 0.290625 0.10625 0.28125
0 0.88671875 0.85546875 0.19609375 0.19453125
2 0.671875 0.765625 0.10625 0.109375
1 0.1984375 0.48828125 0.0890625 0.19453125
2 0.33984375 0.5453125 0.084375 0.09921875
1 0.81796875 0.50234375 0.18046875 0.378125