1 0.553125 0.69453125 0.09296875 0.18359375
1 0.6953125 0.78203125 0.096875 0.1953125
1 0.6 0.4015625 0.1140625 0.27265625
1 0.78046875 0.47734375 0.13046875 0.26640625
1 0.16484375 0.43828125 0.065625 0.1421875
1 0.4640625 0.3203125 0.0875 0.2296875
1 0.4265625 0.6265625 0.06796875 0.13984375
1 0.14453125 0.17578125 0.07109375 0.2171875
1 0.2328125 0.21640625 0.0703125 0.22109375
1 0.34296875 0.2578125 0.07265625 0.21171875
1 0.33125 0.553125 0.06484375 0.13203125
2 0.4875 0.62421875 0.075 0.08671875
2 0.6453125 0.72578125 0.090625 0.09375
2 0.18515625 0.4203125 0.05859375 0.075
2 0.11953125 0.38125 0.05390625 0.0765625
2 0.2640625 0.475 0.0640625 0.0796875
2 0.70703125 0.7171875 0.196875 0.13828125
0 0.86484375 0.81953125 0.2375 0.21171875
2 0.3640625 0.5375 0.07265625 0.08515625