1 0.9421875 0.67421875 0.05234375 0.16796875
1 0.09140625 0.5015625 0.06171875 0.14609375
1 0.5 0.26171875 0.04375 0.140625
1 0.240625 0.4796875 0.0578125 0.140625
1 0.134375 0.31484375 0.0640625 0.16796875
1 0.165625 0.48984375 0.065625 0.15703125
1 0.0515625 0.3234375 0.065625 0.16640625
1 0.29296875 0.29140625 0.05703125 0.15390625
1 0.31640625 0.465625 0.059375 0.15234375
1 0.215625 0.29921875 0.059375 0.15390625
1 0.5109375 0.43515625 0.05 0.14765625
1 0.51796875 0.72265625 0.0546875 0.16484375
1 0.5765625 0.4203125 0.04765625 0.15234375