1 0.05859375 0.35625 0.05546875 0.13203125
1 0.82734375 0.5453125 0.03984375 0.13828125
1 0.18828125 0.33984375 0.053125 0.13671875
1 0.259375 0.328125 0.0484375 0.11484375
1 0.12265625 0.3515625 0.059375 0.146875
1 0.49921875 0.29921875 0.03984375 0.128125
1 0.51640625 0.6890625 0.04765625 0.14375
1 0.5640625 0.2890625 0.034375 0.11171875
1 0.03359375 0.4390625 0.065625 0.28984375
1 0.3234375 0.32265625 0.05 0.13515625
1 0.215625 0.49453125 0.05078125 0.11875
1 0.87421875 0.64921875 0.04921875 0.15703125
1 0.74296875 0.2390625 0.0359375 0.115625
1 0.28046875 0.48125 0.0484375 0.11640625
1 0.07578125 0.4328125 0.09453125 0.2875