1 0.1234375 0.35703125 0.0625 0.15859375
1 0.21640625 0.49609375 0.0515625 0.1203125
1 0.828125 0.54140625 0.03828125 0.13125
1 0.059375 0.36484375 0.059375 0.1546875
1 0.09453125 0.50859375 0.0578125 0.1375
1 0.33515625 0.39375 0.0703125 0.2734375
1 0.50546875 0.3703125 0.05 0.27109375
1 0.1890625 0.34453125 0.0546875 0.14765625
1 0.56328125 0.3609375 0.04375 0.26640625
1 0.271875 0.4046875 0.07734375 0.2765625
1 0.45390625 0.715625 0.0375 0.14375
1 0.03203125 0.440625 0.0640625 0.2953125
1 0.515625 0.68828125 0.04765625 0.14453125
1 0.15390625 0.5015625 0.0578125 0.134375
1 0.74296875 0.23984375 0.0359375 0.11875