1 0.21640625 0.4953125 0.0515625 0.12109375
1 0.875 0.6453125 0.0453125 0.1453125
1 0.09296875 0.5046875 0.059375 0.14375
1 0.56484375 0.4390625 0.03828125 0.1140625
1 0.1890625 0.34296875 0.05390625 0.14140625
1 0.34296875 0.4703125 0.04921875 0.1265625
1 0.1515625 0.4984375 0.0578125 0.1375
1 0.25859375 0.33046875 0.05078125 0.128125
1 0.5046875 0.37109375 0.04921875 0.27109375
1 0.27890625 0.47734375 0.05234375 0.13359375
1 0.51484375 0.6875 0.046875 0.140625
1 0.03125 0.51328125 0.059375 0.14296875
1 0.121875 0.35078125 0.059375 0.14609375
1 0.56328125 0.29140625 0.03671875 0.125
1 0.453125 0.715625 0.03515625 0.140625
1 0.0578125 0.3578125 0.05703125 0.140625
1 0.82734375 0.5453125 0.03984375 0.13828125
1 0.53125 0.79765625 0.0609375 0.1375
1 0.45859375 0.821875 0.05703125 0.12109375