1 0.1625 0.209375 0.03984375 0.13203125
1 0.2296875 0.23046875 0.03828125 0.13125
1 0.29921875 0.25078125 0.040625 0.13203125
1 0.80625 0.66484375 0.0609375 0.140625
1 0.36484375 0.26328125 0.0421875 0.13203125
1 0.10078125 0.19921875 0.0421875 0.1421875
1 0.6 0.321875 0.05234375 0.13125
1 0.04609375 0.2703125 0.04609375 0.2890625
1 0.5375 0.3046875 0.046875 0.1265625
1 0.83515625 0.7765625 0.06484375 0.1421875
1 0.4796875 0.68671875 0.0328125 0.1359375
1 0.7828125 0.33671875 0.05078125 0.1171875
1 0.04609375 0.18984375 0.02421875 0.13203125
1 0.52421875 0.375 0.0671875 0.265625
1 0.22734375 0.384375 0.04140625 0.128125
1 0.10703125 0.35546875 0.04375 0.13671875
1 0.353125 0.415625 0.04296875 0.1171875
1 0.29140625 0.3984375 0.04140625 0.1296875