1 0.721875 0.74140625 0.16796875 0.3859375
1 0.871875 0.746875 0.25546875 0.41484375
1 0.28515625 0.7734375 0.1703125 0.409375
1 0.20078125 0.71640625 0.15625 0.2625
1 0.09140625 0.7671875 0.1828125 0.35703125
1 0.803125 0.65 0.128125 0.2171875
1 0.925 0.62421875 0.14921875 0.2078125
1 0.0515625 0.6828125 0.103125 0.16953125
1 0.0421875 0.828125 0.08125 0.2140625
2 0.7046875 0.95078125 0.13125 0.0984375
2 0.83984375 0.94453125 0.1078125 0.1109375
2 0.95546875 0.9171875 0.0890625 0.13828125
2 0.30078125 0.95546875 0.1171875 0.0890625