1 0.7296875 0.74140625 0.16796875 0.3796875
1 0.87109375 0.74453125 0.2578125 0.4140625
1 0.2875 0.775 0.17109375 0.4046875
1 0.09609375 0.7703125 0.1921875 0.3640625
1 0.809375 0.65078125 0.1390625 0.22265625
1 0.2078125 0.70859375 0.15078125 0.25546875
1 0.9234375 0.621875 0.1515625 0.20546875
1 0.05234375 0.678125 0.1046875 0.159375
1 0.04375 0.8265625 0.08359375 0.21171875
1 0.68515625 0.65078125 0.0984375 0.20390625
1 0.33984375 0.64296875 0.06796875 0.13984375
1 0.13984375 0.6671875 0.1015625 0.1265625
2 0.8484375 0.94296875 0.1078125 0.1140625
2 0.70234375 0.94140625 0.1109375 0.1171875
2 0.95546875 0.9171875 0.0890625 0.146875
2 0.30078125 0.9609375 0.1109375 0.078125
2 0.184375 0.96328125 0.10390625 0.07265625
2 0.07734375 0.9828125 0.10390625 0.034375