2 0.34140625 0.49609375 0.12734375 0.12578125
2 0.68984375 0.47890625 0.125 0.121875
2 0.1515625 0.5140625 0.1296875 0.13046875
2 0.8703125 0.47265625 0.125 0.1234375
1 0.60703125 0.62109375 0.09375 0.23046875
1 0.115625 0.65546875 0.0734375 0.19765625
1 0.45078125 0.625 0.090625 0.23359375
1 0.2859375 0.63828125 0.08671875 0.2171875
1 0.77265625 0.615625 0.10859375 0.234375
1 0.9421875 0.6140625 0.10859375 0.23125
1 0.328125 0.21328125 0.096875 0.32109375
1 0.86796875 0.203125 0.12578125 0.3125
1 0.5046875 0.2109375 0.10078125 0.3171875
2 0.51640625 0.4796875 0.12421875 0.12421875
1 0.6796875 0.21015625 0.115625 0.32265625
1 0.146875 0.2328125 0.0828125 0.35625