2 0.5203125 0.47578125 0.14453125 0.14609375
2 0.72578125 0.47578125 0.14453125 0.14375
1 0.05078125 0.6875 0.0875 0.22734375
2 0.0890625 0.5203125 0.15078125 0.15
1 0.8234375 0.6390625 0.11875 0.2671875
1 0.25 0.665625 0.1 0.25
2 0.93125 0.47109375 0.1359375 0.13984375
1 0.62734375 0.6421875 0.1140625 0.271875
1 0.44140625 0.646875 0.11171875 0.27578125
2 0.31328125 0.4953125 0.15 0.14765625
1 0.0875 0.19609375 0.09609375 0.38984375
1 0.29921875 0.18125 0.12109375 0.3609375
1 0.71796875 0.1734375 0.14140625 0.346875
1 0.50234375 0.17890625 0.1296875 0.35625
1 0.92578125 0.17109375 0.1375 0.3421875