1 0.6390625 0.628125 0.05 0.19375
1 0.82578125 0.646875 0.0625 0.19375
1 0.56015625 0.55078125 0.05703125 0.34921875
1 0.30546875 0.5953125 0.0515625 0.1890625
2 0.7515625 0.48046875 0.0984375 0.14140625
2 0.65078125 0.46796875 0.09296875 0.1375
2 0.85703125 0.48828125 0.10703125 0.14609375
2 0.46796875 0.453125 0.0921875 0.13515625
2 0.3734375 0.45 0.09453125 0.1359375
2 0.27890625 0.45 0.096875 0.1375
1 0.47578125 0.6015625 0.0484375 0.21484375
1 0.3890625 0.6046875 0.0515625 0.19453125
1 0.7296875 0.6296875 0.053125 0.17109375
1 0.5671875 0.24140625 0.0421875 0.2703125
1 0.47734375 0.23828125 0.040625 0.26796875
1 0.3796875 0.23359375 0.04609375 0.26171875
1 0.2890625 0.234375 0.0515625 0.26015625
1 0.6546875 0.253125 0.053125 0.290625