2 0.65078125 0.5296875 0.09375 0.1375
2 0.56171875 0.48828125 0.09296875 0.1375
2 0.74765625 0.5765625 0.1 0.1421875
2 0.4765625 0.4453125 0.0921875 0.1359375
2 0.846875 0.6234375 0.10703125 0.14453125
2 0.38359375 0.40703125 0.0921875 0.13671875
2 0.29453125 0.3703125 0.09453125 0.1375
1 0.61015625 0.27265625 0.0859375 0.26484375
1 0.3421875 0.159375 0.0640625 0.2640625
1 0.525 0.2328125 0.07734375 0.2546875
1 0.4296875 0.1953125 0.071875 0.2578125
1 0.37265625 0.553125 0.06484375 0.1890625
1 0.8953125 0.4 0.10859375 0.2796875
1 0.459375 0.59296875 0.06484375 0.178125
1 0.696875 0.7234375 0.078125 0.18671875
1 0.6921875 0.31640625 0.09453125 0.278125
1 0.7890625 0.76328125 0.09140625 0.19921875
1 0.290625 0.52734375 0.0625 0.175
1 0.61484375 0.67421875 0.0859375 0.209375
1 0.7890625 0.36171875 0.11015625 0.2921875