1 0.22890625 0.6546875 0.06875 0.24921875
1 0.33828125 0.65234375 0.06328125 0.2265625
1 0.4328125 0.62578125 0.05703125 0.26484375
1 0.528125 0.6078125 0.05078125 0.27890625
1 0.1171875 0.6671875 0.07421875 0.23828125
1 0.63203125 0.61796875 0.05390625 0.21171875
1 0.7296875 0.61875 0.0625 0.22265625
2 0.32421875 0.46640625 0.109375 0.159375
2 0.4328125 0.45859375 0.10859375 0.15859375
2 0.203125 0.478125 0.1140625 0.165625
2 0.07734375 0.4890625 0.121875 0.165625
2 0.53828125 0.44765625 0.10703125 0.1578125
2 0.65078125 0.44296875 0.11015625 0.15859375
1 0.64453125 0.190625 0.05390625 0.31484375
2 0.7609375 0.4453125 0.11484375 0.1640625
1 0.07734375 0.2140625 0.084375 0.3421875
1 0.32109375 0.20859375 0.065625 0.33671875
1 0.53046875 0.19296875 0.04765625 0.3203125
1 0.20078125 0.21328125 0.07421875 0.34375
1 0.74921875 0.18671875 0.0609375 0.309375
1 0.4265625 0.203125 0.05703125 0.33671875