1 0.171875 0.6296875 0.065625 0.2296875
1 0.44140625 0.5765625 0.05078125 0.29140625
1 0.35859375 0.5859375 0.059375 0.290625
1 0.52265625 0.6125 0.05 0.18203125
2 0.34921875 0.47109375 0.09296875 0.13515625
2 0.24765625 0.48125 0.09765625 0.140625
2 0.1421875 0.4890625 0.10625 0.14453125
2 0.44140625 0.46484375 0.09296875 0.1359375
1 0.69453125 0.590625 0.05234375 0.19453125
2 0.53203125 0.45546875 0.09140625 0.13359375
2 0.6265625 0.4515625 0.09453125 0.13515625
2 0.72109375 0.45234375 0.096875 0.13828125
1 0.3453125 0.2453125 0.0515625 0.27890625
1 0.621875 0.2359375 0.04453125 0.2640625
1 0.525 0.2359375 0.03984375 0.26328125
1 0.71171875 0.23203125 0.04921875 0.259375
1 0.43671875 0.24609375 0.04765625 0.28046875
1 0.24609375 0.2578125 0.0671875 0.30078125