2 0.44921875 0.44609375 0.09375 0.1375
2 0.5390625 0.4703125 0.0921875 0.134375
2 0.359375 0.41484375 0.09296875 0.134375
2 0.259375 0.3875 0.096875 0.14296875
2 0.6296875 0.503125 0.0984375 0.1359375
2 0.15625 0.35546875 0.103125 0.14609375
1 0.19375 0.134375 0.06015625 0.26484375
2 0.721875 0.53671875 0.0984375 0.13984375
1 0.15546875 0.51484375 0.06015625 0.1921875
1 0.2484375 0.54921875 0.065625 0.1921875
1 0.5921875 0.6390625 0.07421875 0.1984375
1 0.66484375 0.28671875 0.08359375 0.2515625
1 0.57109375 0.2515625 0.07734375 0.25546875
1 0.50859375 0.60078125 0.0765625 0.21953125
1 0.4828125 0.21953125 0.07578125 0.2578125
1 0.39375 0.19453125 0.071875 0.2734375
1 0.29375 0.16484375 0.06875 0.284375
1 0.67421875 0.66328125 0.07890625 0.19921875
1 0.3421875 0.553125 0.07265625 0.23203125
1 0.42890625 0.5625 0.08359375 0.259375
1 0.75078125 0.32421875 0.09296875 0.26953125