1 0.5703125 0.62109375 0.053125 0.2765625
1 0.88515625 0.6640625 0.07734375 0.25234375
1 0.47421875 0.625 0.0578125 0.2453125
1 0.66328125 0.65234375 0.06328125 0.23125
1 0.771875 0.66328125 0.06796875 0.240625
1 0.27265625 0.6140625 0.0640625 0.22890625
1 0.36796875 0.60859375 0.053125 0.2109375
2 0.67890625 0.46640625 0.109375 0.159375
2 0.56953125 0.45703125 0.109375 0.16015625
2 0.4625 0.4484375 0.10859375 0.1578125
2 0.7984375 0.4796875 0.11484375 0.16640625
2 0.35078125 0.44296875 0.10859375 0.15625
2 0.23828125 0.4453125 0.10703125 0.15546875
2 0.92109375 0.4875 0.12578125 0.16953125
1 0.5796875 0.1984375 0.053125 0.328125
1 0.9265625 0.21171875 0.0828125 0.34296875
1 0.47421875 0.19453125 0.0484375 0.321875
1 0.80390625 0.2078125 0.07109375 0.340625
1 0.25390625 0.190625 0.0625 0.32109375
1 0.359375 0.190625 0.05625 0.31875
1 0.684375 0.20703125 0.0625 0.33828125