2 0.6515625 0.47109375 0.09296875 0.1359375
2 0.753125 0.48203125 0.09921875 0.14140625
2 0.55859375 0.46484375 0.09296875 0.134375
2 0.46796875 0.4546875 0.09140625 0.13359375
2 0.278125 0.453125 0.09375 0.13359375
2 0.371875 0.4515625 0.0921875 0.13203125
2 0.8578125 0.48984375 0.10625 0.14375
1 0.8265625 0.64140625 0.06171875 0.1953125
1 0.73046875 0.6359375 0.05546875 0.203125
1 0.30546875 0.59296875 0.053125 0.19140625
1 0.6421875 0.5921875 0.05 0.26328125
1 0.565625 0.246875 0.04453125 0.28046875
1 0.47734375 0.23828125 0.04140625 0.2671875
1 0.75703125 0.2515625 0.059375 0.28671875
1 0.8625 0.253125 0.07109375 0.28515625
1 0.5578125 0.61875 0.05234375 0.21328125
1 0.47578125 0.6015625 0.0484375 0.21796875
1 0.3890625 0.60390625 0.05234375 0.19765625
1 0.65546875 0.253125 0.05390625 0.28828125
1 0.38046875 0.234375 0.0484375 0.265625
1 0.2796875 0.2390625 0.05390625 0.278125