1 0.8265625 0.6453125 0.0640625 0.2
1 0.7296875 0.6375 0.0578125 0.2078125
1 0.38828125 0.60234375 0.04921875 0.18359375
1 0.47734375 0.57890625 0.05078125 0.271875
1 0.55859375 0.61171875 0.0421875 0.17734375
2 0.5578125 0.46484375 0.09296875 0.1359375
2 0.6515625 0.47109375 0.09453125 0.13671875
2 0.27734375 0.453125 0.09296875 0.134375
2 0.46796875 0.4546875 0.0921875 0.134375
2 0.753125 0.48203125 0.09921875 0.1421875
2 0.37265625 0.4515625 0.09453125 0.134375
1 0.63828125 0.625 0.059375 0.2234375
1 0.7578125 0.253125 0.05859375 0.284375
1 0.56640625 0.24375 0.04296875 0.271875
2 0.85859375 0.48984375 0.10625 0.1453125
1 0.30546875 0.59296875 0.05546875 0.203125
1 0.3796875 0.23359375 0.04609375 0.26171875
1 0.8625 0.25390625 0.06875 0.28828125
1 0.47734375 0.2421875 0.04140625 0.27109375
1 0.65546875 0.253125 0.053125 0.2890625