1 0.3609375 0.62578125 0.053125 0.1890625
1 0.69375 0.59765625 0.04921875 0.18671875
1 0.2671875 0.5953125 0.06875 0.29453125
1 0.44140625 0.61875 0.04921875 0.1875
2 0.3484375 0.471875 0.09140625 0.13203125
2 0.1421875 0.48984375 0.103125 0.1421875
1 0.17265625 0.6390625 0.0609375 0.18671875
1 0.521875 0.59296875 0.0515625 0.2390625
2 0.44296875 0.4640625 0.0921875 0.13671875
2 0.246875 0.48125 0.096875 0.13828125
1 0.525 0.2390625 0.03984375 0.2671875
1 0.13984375 0.25625 0.071875 0.29296875
2 0.53203125 0.45546875 0.090625 0.13515625
1 0.346875 0.25 0.0546875 0.28515625
1 0.61171875 0.596875 0.05546875 0.22109375
1 0.43671875 0.2453125 0.046875 0.27734375
1 0.7125 0.234375 0.04765625 0.2609375
2 0.6265625 0.453125 0.0953125 0.13671875
2 0.72109375 0.45234375 0.0953125 0.1390625
1 0.2453125 0.25625 0.0640625 0.29453125
1 0.621875 0.23359375 0.04453125 0.26328125