1 0.61171875 0.60703125 0.04609375 0.18359375
1 0.3609375 0.6265625 0.05234375 0.1859375
1 0.1734375 0.6421875 0.06171875 0.1921875
1 0.52265625 0.6109375 0.05234375 0.1953125
1 0.44140625 0.61953125 0.0484375 0.190625
1 0.69453125 0.5984375 0.04609375 0.175
1 0.2703125 0.634375 0.06328125 0.2140625
2 0.3484375 0.46796875 0.0921875 0.13671875
2 0.53046875 0.453125 0.090625 0.1359375
2 0.14140625 0.48671875 0.10546875 0.14609375
2 0.440625 0.4640625 0.0921875 0.1375
2 0.7203125 0.45078125 0.09609375 0.14140625
2 0.62578125 0.44921875 0.09453125 0.13828125
2 0.24765625 0.4796875 0.09609375 0.140625
1 0.13828125 0.253125 0.0703125 0.2828125
1 0.525 0.23671875 0.03984375 0.26328125
1 0.4359375 0.24453125 0.04609375 0.27734375
1 0.34453125 0.24296875 0.0515625 0.27578125
1 0.621875 0.2359375 0.04453125 0.26328125