0 0.45625 0.515625 0.2125 0.12578125
0 0.50703125 0.62578125 0.0921875 0.0828125
0 0.21015625 0.178125 0.21015625 0.35546875
1 0.6625 0.5125 0.196875 0.93671875
0 0.39375 0.3875 0.13046875 0.08984375
0 0.40703125 0.09296875 0.5296875 0.178125
0 0.46484375 0.38359375 0.12265625 0.078125
0 0.55 0.42578125 0.10234375 0.18359375
0 0.5015625 0.6921875 0.09375 0.1203125
0 0.340625 0.5375 0.0921875 0.16796875
0 0.8359375 0.903125 0.2296875 0.1921875
1 0.5484375 0.66796875 0.12109375 0.6328125
0 0.27421875 0.471875 0.0390625 0.1859375
0 0.39765625 0.67421875 0.02265625 0.18515625
0 0.3390625 0.66484375 0.0359375 0.1515625
0 0.134375 0.62578125 0.09453125 0.05
0 0.6390625 0.2828125 0.08984375 0.25625
0 0.49375 0.78671875 0.1171875 0.3734375
0 0.42578125 0.7578125 0.0171875 0.26328125