0 0.259375 0.17265625 0.178125 0.27578125
1 0.64375 0.54375 0.1703125 0.86015625
0 0.50390625 0.51953125 0.1078125 0.1015625
0 0.41640625 0.1140625 0.42109375 0.18671875
0 0.50625 0.6015625 0.065625 0.053125
0 0.5046875 0.66171875 0.0671875 0.0765625
0 0.41875 0.4 0.1296875 0.07734375
0 0.54140625 0.4390625 0.08671875 0.16875
0 0.3640625 0.5328125 0.09140625 0.1453125
0 0.23828125 0.45859375 0.1734375 0.3890625
0 0.73359375 0.771875 0.290625 0.36875
0 0.02890625 0.57265625 0.05625 0.09609375
0 0.41171875 0.6234375 0.01953125 0.121875
1 0.56875 0.74765625 0.06015625 0.4703125
0 0.19921875 0.36796875 0.0734375 0.19921875