0 0.26171875 0.1671875 0.18125 0.265625
0 0.49375 0.51796875 0.1265625 0.10625
1 0.646875 0.55234375 0.175 0.8515625
0 0.50390625 0.66640625 0.06640625 0.08046875
0 0.51328125 0.6078125 0.06796875 0.0671875
0 0.53515625 0.44140625 0.10078125 0.165625
0 0.371875 0.53125 0.07734375 0.14375
0 0.08046875 0.578125 0.16015625 0.121875
0 0.02890625 0.57421875 0.05546875 0.090625
0 0.8125 0.8609375 0.146875 0.15625
0 0.41171875 0.6265625 0.02265625 0.13828125
0 0.31171875 0.521875 0.0515625 0.30546875
1 0.5703125 0.78203125 0.05234375 0.384375
0 0.365625 0.6640625 0.0421875 0.1125
0 0.2 0.36953125 0.07578125 0.2
0 0.53359375 0.72265625 0.01796875 0.09375
0 0.56875 0.65546875 0.0390625 0.15390625
0 0.07421875 0.21171875 0.02734375 0.084375