2 0.72265625 0.63828125 0.05078125 0.09921875
2 0.5171875 0.378125 0.03359375 0.08125
2 0.45546875 0.28203125 0.05859375 0.08046875
2 0.6109375 0.48125 0.0359375 0.08203125
2 0.36953125 0.17578125 0.05 0.06875
1 0.48671875 0.14609375 0.0515625 0.21015625
2 0.309375 0.09609375 0.04453125 0.05859375
1 0.390625 0.084375 0.040625 0.165625
1 0.3234375 0.03828125 0.0265625 0.07421875
1 0.57578125 0.23046875 0.0640625 0.23671875
1 0.67890625 0.325 0.08125 0.26953125
2 0.25859375 0.025 0.0390625 0.04921875
1 0.8171875 0.46171875 0.10703125 0.303125
2 0.7640625 0.66640625 0.04921875 0.0734375
2 0.55 0.4 0.040625 0.06796875
2 0.6453125 0.5109375 0.04375 0.06171875
1 0.2171875 0.06328125 0.0265625 0.12578125
2 0.4390625 0.29453125 0.02421875 0.03828125
1 0.6203125 0.61015625 0.07109375 0.2390625
1 0.45390625 0.38984375 0.04921875 0.1953125
1 0.734375 0.80234375 0.09375 0.2125
1 0.18828125 0.03125 0.01953125 0.0609375
1 0.31328125 0.18671875 0.034375 0.1765625
2 0.35546875 0.1875 0.01953125 0.03515625
1 0.36875 0.2640625 0.0453125 0.20859375
2 0.29375 0.1109375 0.015625 0.02578125
1 0.534375 0.49453125 0.06328125 0.2390625
1 0.2609375 0.1015625 0.034375 0.203125