2 0.40625 0.275 0.0734375 0.090625
2 0.51875 0.3546875 0.08203125 0.10078125
2 0.65 0.4328125 0.08984375 0.10234375
2 0.28828125 0.196875 0.06328125 0.07734375
2 0.784375 0.55390625 0.06171875 0.12109375
2 0.1296875 0.06328125 0.05625 0.0796875
2 0.20390625 0.128125 0.0578125 0.0859375
1 0.20546875 0.053125 0.03828125 0.1
2 0.06953125 0.03515625 0.05 0.05390625
1 0.66875 0.21640625 0.05078125 0.3203125
1 0.4140625 0.1234375 0.04375 0.246875
1 0.5328125 0.1578125 0.04140625 0.29140625
1 0.853125 0.309375 0.07734375 0.3703125
1 0.12890625 0.0328125 0.03359375 0.0625
2 0.3875 0.3015625 0.0296875 0.040625
1 0.6140625 0.39921875 0.01484375 0.04453125
2 0.025 0.01484375 0.01953125 0.02890625
2 0.48984375 0.34765625 0.01796875 0.0875
1 0.8171875 0.5109375 0.14765625 0.7609375
1 0.775 0.5109375 0.0171875 0.0359375
2 0.11328125 0.0640625 0.01796875 0.06015625
2 0.61875 0.45859375 0.028125 0.03515625
2 0.6078125 0.98515625 0.0109375 0.028125
1 0.228125 0.21796875 0.06015625 0.24140625
1 0.4265625 0.39140625 0.04609375 0.25078125
1 0.5421875 0.47109375 0.0578125 0.30703125
1 0.659375 0.56171875 0.046875 0.3078125
2 0.534375 0.9703125 0.01171875 0.05625
1 0.146875 0.134375 0.08359375 0.265625
1 0.309375 0.3109375 0.046875 0.1953125
2 0.546875 0.96171875 0.01171875 0.07109375
1 0.3796875 0.2515625 0.0125 0.04765625
2 0.3921875 0.278125 0.02734375 0.05234375
1 0.053125 0.08046875 0.05234375 0.16015625
1 0.090625 0.10859375 0.07578125 0.21640625