2 0.7390625 0.546875 0.046875 0.1015625
2 0.515625 0.37890625 0.06640625 0.0796875
2 0.4203125 0.309375 0.06015625 0.0765625
1 0.32109375 0.11640625 0.03984375 0.19296875
2 0.62578125 0.4421875 0.07578125 0.0875
1 0.42734375 0.165625 0.03671875 0.21640625
1 0.246875 0.084375 0.03984375 0.15703125
1 0.528125 0.2109375 0.0359375 0.246875
1 0.1828125 0.059375 0.0390625 0.11484375
2 0.1859375 0.13203125 0.0453125 0.06015625
1 0.64296875 0.26015625 0.04375 0.271875
2 0.13515625 0.10234375 0.03984375 0.053125
1 0.79921875 0.33984375 0.06875 0.3140625
2 0.078125 0.06640625 0.03671875 0.06015625
2 0.053125 0.0546875 0.040625 0.06484375
2 0.01796875 0.034375 0.034375 0.05546875
2 0.03984375 0.05625 0.01640625 0.04609375
2 0.1046875 0.06328125 0.028125 0.0328125
2 0.4203125 0.31953125 0.08046875 0.09765625
2 0.171875 0.128125 0.01640625 0.0484375
2 0.490625 0.36484375 0.01484375 0.0640625
2 0.51953125 0.37734375 0.08046875 0.090625
1 0.596875 0.41640625 0.0125 0.04375
2 0.628125 0.44609375 0.09296875 0.09765625
2 0.13828125 0.08046875 0.0296875 0.0359375
2 0.00625 0.03203125 0.0125 0.0421875
2 0.125 0.10546875 0.01796875 0.034375
1 0.77109375 0.665625 0.06796875 0.28203125
2 0.3984375 0.29296875 0.01171875 0.04765625
1 0.3390625 0.33671875 0.04609375 0.19296875
1 0.2703125 0.25546875 0.05859375 0.215625
1 0.2046875 0.215625 0.05078125 0.178125
2 0.3 0.2328125 0.0125 0.04609375
1 0.396875 0.27734375 0.009375 0.01640625