1 0.628125 0.41171875 0.0890625 0.58125
1 0.77265625 0.50703125 0.121875 0.6515625
1 0.525 0.35078125 0.08125 0.5296875
1 0.43515625 0.29921875 0.08203125 0.4859375
1 0.32109375 0.2140625 0.02578125 0.4078125
1 0.3203125 0.115625 0.0390625 0.19296875
1 0.4265625 0.1640625 0.0359375 0.21796875
1 0.528125 0.21171875 0.0359375 0.24765625
1 0.64296875 0.25859375 0.04453125 0.27265625
1 0.24609375 0.07890625 0.0375 0.1484375
1 0.7984375 0.3453125 0.06796875 0.3296875
1 0.18203125 0.05703125 0.0359375 0.10703125
1 0.10078125 0.04921875 0.03203125 0.090625
1 0.73359375 0.50859375 0.01484375 0.03203125
1 0.04765625 0.03828125 0.02578125 0.075
1 0.2703125 0.24609375 0.06015625 0.2359375
1 0.61484375 0.93828125 0.009375 0.01640625
2 0.73046875 0.565625 0.05390625 0.14375
2 0.6 0.4625 0.075 0.1203125
2 0.49921875 0.3875 0.08125 0.11640625
2 0.4046875 0.328125 0.0796875 0.0953125
2 0.24921875 0.184375 0.04765625 0.0765625
2 0.18671875 0.13203125 0.04453125 0.0625
2 0.13046875 0.1046875 0.03046875 0.0453125
2 0.06796875 0.0625 0.02109375 0.05625
2 0.040625 0.0546875 0.01640625 0.0546875
2 0.09140625 0.07109375 0.0140625 0.04453125
2 0.00703125 0.0328125 0.01328125 0.04609375
2 0.45859375 0.9765625 0.01875 0.0421875
2 0.2421875 0.19296875 0.01640625 0.0453125
2 0.171875 0.12890625 0.015625 0.05
2 0.50078125 0.94765625 0.02265625 0.053125
2 0.39921875 0.29921875 0.01328125 0.0609375
2 0.5453125 0.97421875 0.03203125 0.05
2 0.609375 0.9609375 0.0421875 0.075