1 0.3203125 0.11328125 0.03828125 0.18984375
1 0.24609375 0.08203125 0.0390625 0.15859375
1 0.42734375 0.1625 0.0359375 0.215625
2 0.7390625 0.5453125 0.046875 0.103125
1 0.18125 0.0546875 0.0359375 0.1046875
2 0.6265625 0.43828125 0.0796875 0.09609375
2 0.42109375 0.30703125 0.05859375 0.0828125
1 0.528125 0.21015625 0.034375 0.246875
2 0.49921875 0.37578125 0.0328125 0.08125
1 0.64296875 0.25703125 0.0421875 0.26953125
1 0.8 0.33828125 0.06640625 0.3140625
2 0.18671875 0.13125 0.04609375 0.06328125
1 0.09921875 0.0375 0.03046875 0.06796875
2 0.11484375 0.08046875 0.05078125 0.06875
2 0.0765625 0.0640625 0.0359375 0.0609375
2 0.0421875 0.05625 0.01796875 0.05078125
2 0.60625 0.45 0.0328125 0.06171875
2 0.309375 0.25 0.021875 0.0390625
2 0.45859375 0.9765625 0.0171875 0.04140625
1 0.73359375 0.50859375 0.01484375 0.03125
2 0.5984375 0.43046875 0.01484375 0.071875
1 0.7703125 0.5078125 0.1234375 0.65234375
2 0.00703125 0.0328125 0.01328125 0.04453125
2 0.059375 0.04375 0.0140625 0.034375
2 0.5421875 0.91484375 0.0484375 0.09609375
2 0.39921875 0.2984375 0.01328125 0.0578125
1 0.43671875 0.4078125 0.03984375 0.21640625
1 0.5640625 0.871875 0.00859375 0.02109375
1 0.590625 0.9125 0.00859375 0.025
2 0.178125 0.1453125 0.0203125 0.03046875
1 0.5296875 0.88359375 0.01015625 0.0203125
2 0.50078125 0.9453125 0.02265625 0.0484375
2 0.0375 0.0328125 0.01796875 0.04453125
2 0.3015625 0.2390625 0.01484375 0.0578125
2 0.0171875 0.06484375 0.009375 0.02265625
1 0.2 0.15703125 0.08203125 0.3125
2 0.0890625 0.046875 0.00703125 0.0171875
2 0.1703125 0.12578125 0.0125 0.04296875
1 0.61484375 0.96015625 0.0109375 0.0609375