1 0.3109375 0.21953125 0.03984375 0.171875
2 0.51484375 0.31328125 0.075 0.0984375
1 0.91640625 0.5375 0.14921875 0.47734375
1 0.434375 0.24765625 0.07265625 0.36953125
2 0.6265625 0.3875 0.06171875 0.09609375
2 0.7 0.4328125 0.06953125 0.09453125
1 0.328125 0.18984375 0.07109375 0.33671875
1 0.171875 0.121875 0.08125 0.2359375
2 0.2453125 0.14140625 0.090625 0.0984375
2 0.6234375 0.3578125 0.028125 0.046875
2 0.54453125 0.95859375 0.0265625 0.059375
2 0.64140625 0.36328125 0.03671875 0.0578125
2 0.621875 0.9203125 0.03359375 0.1328125
2 0.590625 0.88828125 0.0265625 0.08828125
2 0.9203125 0.53203125 0.08125 0.2453125
2 0.16875 0.0953125 0.065625 0.0890625