2 0.5171875 0.2828125 0.0890625 0.115625
2 0.41796875 0.21640625 0.07890625 0.09921875
2 0.73359375 0.41796875 0.08125 0.10703125
2 0.6484375 0.3671875 0.075 0.1140625
2 0.290625 0.134375 0.07421875 0.1015625
2 0.19921875 0.07890625 0.10390625 0.11484375
2 0.10546875 0.03671875 0.0734375 0.0734375
1 0.228125 0.134375 0.090625 0.26875
1 0.12109375 0.09375 0.08203125 0.18671875
2 0.60625 0.9515625 0.03125 0.09609375
1 0.41328125 0.0953125 0.0328125 0.1875
2 0.1703125 0.075 0.0453125 0.078125
2 0.6421875 0.95859375 0.034375 0.0828125
1 0.5203125 0.140625 0.03828125 0.196875
2 0.6453125 0.33203125 0.03203125 0.0484375
2 0.39921875 0.2359375 0.03828125 0.0609375
2 0.58203125 0.978125 0.0375 0.04140625
2 0.9625 0.5609375 0.075 0.19375
1 0.75546875 0.2421875 0.0796875 0.26328125
1 0.6984375 0.55078125 0.16328125 0.178125