2 0.47265625 0.23671875 0.0703125 0.07578125
2 0.5453125 0.325 0.07734375 0.0859375
2 0.38125 0.13203125 0.06171875 0.0703125
2 0.63984375 0.4390625 0.065625 0.0890625
2 0.70390625 0.5078125 0.0703125 0.0890625
1 0.89375 0.71484375 0.2078125 0.4515625
2 0.31328125 0.05234375 0.08828125 0.103125
1 0.23671875 0.05703125 0.05078125 0.1140625
1 0.56796875 0.21328125 0.053125 0.16015625
2 0.48046875 0.95078125 0.0484375 0.09765625
2 0.4625 0.96015625 0.028125 0.0671875
2 0.28515625 0.04296875 0.0296875 0.05390625
2 0.54375 0.9546875 0.03984375 0.0859375
2 0.5203125 0.9140625 0.03125 0.10859375
1 0.94375 0.6 0.1078125 0.22421875
2 0.64375 0.4109375 0.028125 0.0375
2 0.88359375 0.71015625 0.11796875 0.1578125
1 0.37890625 0.2421875 0.06171875 0.15390625