1 0.3046875 0.2125 0.02578125 0.14921875
1 0.209375 0.15390625 0.02890625 0.15234375
1 0.15859375 0.12578125 0.01796875 0.11640625
1 0.90703125 0.528125 0.15625 0.41875
1 0.62578125 0.3671875 0.07421875 0.41015625
1 0.509375 0.29609375 0.078125 0.37890625
1 0.32890625 0.19296875 0.07109375 0.3328125
1 0.9453125 0.41796875 0.08515625 0.2328125
1 0.43359375 0.25 0.07265625 0.36328125
2 0.61484375 0.40078125 0.05078125 0.10078125
2 0.16796875 0.1 0.06171875 0.07421875
2 0.24453125 0.1421875 0.0921875 0.09609375
2 0.54375 0.95859375 0.025 0.059375
2 0.621875 0.9234375 0.0328125 0.13203125
2 0.590625 0.8984375 0.0265625 0.10625
2 0.5140625 0.33359375 0.11640625 0.10859375
1 0.228125 0.140625 0.06640625 0.275
2 0.55390625 0.940625 0.04296875 0.09453125
1 0.72109375 0.278125 0.06015625 0.27890625
2 0.70234375 0.4453125 0.07734375 0.08203125
2 0.43203125 0.26640625 0.0734375 0.07890625