1 0.44375 0.53828125 0.540625 0.26171875
1 0.659375 0.29609375 0.5203125 0.31796875
1 0.25234375 0.7078125 0.43984375 0.19453125
1 0.32109375 0.48828125 0.271875 0.153125
1 0.10859375 0.7546875 0.2109375 0.1125
1 0.2296875 0.58046875 0.23359375 0.1265625
1 0.41171875 0.37421875 0.265625 0.16796875
1 0.53671875 0.22109375 0.26484375 0.19296875
1 0.16796875 0.671875 0.22734375 0.1109375
2 0.74765625 0.4234375 0.1515625 0.09765625
2 0.8484375 0.24765625 0.1625 0.14765625
2 0.4015625 0.73046875 0.12265625 0.07265625
2 0.27890625 0.84609375 0.11484375 0.10390625