1 0.259375 0.465625 0.04140625 0.06796875
2 0.084375 0.36015625 0.06484375 0.09765625
2 0.3375 0.5109375 0.07265625 0.109375
2 0.1578125 0.4078125 0.059375 0.10078125
1 0.6015625 0.38359375 0.10234375 0.25859375
1 0.78203125 0.46875 0.12265625 0.2609375
1 0.465625 0.3140625 0.0828125 0.23515625
1 0.2421875 0.20703125 0.06015625 0.2078125
0 0.6265625 0.64296875 0.06328125 0.0515625
1 0.346875 0.25390625 0.06640625 0.21796875
1 0.146875 0.16484375 0.0609375 0.20390625
2 0.4984375 0.6234375 0.09921875 0.103125
1 0.43125 0.57265625 0.059375 0.278125
0 0.4921875 0.5390625 0.10859375 0.0546875
2 0.74765625 0.74765625 0.3203125 0.17890625