2 0.2171875 0.45390625 0.084375 0.12890625
2 0.3109375 0.515625 0.08515625 0.12734375
2 0.48671875 0.64375 0.0984375 0.13515625
2 0.6625 0.74609375 0.109375 0.13984375
2 0.02734375 0.3359375 0.05390625 0.11796875
2 0.10078125 0.39375 0.07109375 0.11796875
1 0.775 0.6359375 0.34453125 0.6390625
1 0.61953125 0.36484375 0.125 0.30859375
1 0.83359375 0.46484375 0.14609375 0.3109375
1 0.46015625 0.28125 0.0984375 0.28203125
1 0.1984375 0.15859375 0.07109375 0.25
2 0.38203125 0.46953125 0.05234375 0.0671875
1 0.321875 0.2140625 0.07890625 0.259375
2 0.7125 0.675 0.06796875 0.06640625
2 0.72265625 0.9265625 0.1046875 0.0765625
0 0.5390625 0.559375 0.22734375 0.06796875