2 0.45703125 0.61484375 0.0828125 0.11796875
2 0.27890625 0.4015625 0.06875 0.1125
2 0.5765625 0.73515625 0.090625 0.11953125
2 0.1375 0.26171875 0.0609375 0.1015625
2 0.34140625 0.47421875 0.06796875 0.11328125
2 0.196875 0.3265625 0.0546875 0.09765625
2 0.74921875 0.84296875 0.13203125 0.1203125
1 0.51953125 0.3140625 0.13828125 0.24140625
1 0.63125 0.4125 0.16171875 0.2578125
1 0.78203125 0.53828125 0.18046875 0.25390625
1 0.4203125 0.225 0.1125 0.2171875
1 0.48125 0.72109375 0.109375 0.15234375
1 0.6015625 0.846875 0.12109375 0.1625
1 0.39453125 0.60390625 0.11015625 0.1828125
2 0.4078125 0.45 0.05078125 0.0578125