2 0.084375 0.36015625 0.065625 0.09921875
2 0.3390625 0.51328125 0.0734375 0.11015625
2 0.25859375 0.459375 0.07109375 0.11171875
2 0.63671875 0.70625 0.09140625 0.11640625
2 0.48828125 0.62109375 0.08515625 0.115625
2 0.1578125 0.40859375 0.05859375 0.1
1 0.7375 0.61328125 0.26875 0.5421875
1 0.6 0.38359375 0.1046875 0.2625
1 0.78203125 0.46875 0.12421875 0.26328125
1 0.4640625 0.315625 0.0828125 0.23984375
1 0.2421875 0.2078125 0.0609375 0.21171875
1 0.34765625 0.25546875 0.0671875 0.22109375
2 0.84296875 0.7703125 0.1234375 0.16484375
1 0.75625 0.63515625 0.134375 0.58203125