1 0.4453125 0.553125 0.51484375 0.13203125
1 0.521875 0.43515625 0.54140625 0.1734375
1 0.3296875 0.759375 0.453125 0.0890625
1 0.3828125 0.66640625 0.48203125 0.11171875
1 0.6125 0.24453125 0.54375 0.253125
1 0.38046875 0.40078125 0.2625 0.10234375
2 0.36015625 0.9125 0.1015625 0.06640625
1 0.1640625 0.85390625 0.19765625 0.0625
1 0.46640625 0.2203125 0.2640625 0.12734375
2 0.77109375 0.16015625 0.14140625 0.11875
1 0.31171875 0.5359375 0.23984375 0.084375
1 0.25390625 0.653125 0.21484375 0.071875
2 0.51953125 0.66640625 0.1203125 0.07421875
2 0.7046875 0.34453125 0.1234375 0.1453125
1 0.8609375 0.309375 0.18203125 0.125