0 0.8125 0.56171875 0.18828125 0.16015625
0 0.3890625 0.56015625 0.08984375 0.078125
0 0.9515625 0.71171875 0.09140625 0.06484375
0 0.5359375 0.55078125 0.225 0.11328125
0 0.2078125 0.853125 0.10703125 0.06875
0 0.32109375 0.56328125 0.08828125 0.065625
0 0.915625 0.709375 0.03671875 0.05546875
0 0.0234375 0.84921875 0.0453125 0.05
0 0.184375 0.690625 0.28125 0.1890625
1 0.284375 0.840625 0.05234375 0.259375
1 0.10625 0.80546875 0.14921875 0.371875
1 0.540625 0.7078125 0.07109375 0.3640625
1 0.61171875 0.7421875 0.09453125 0.45234375
0 0.540625 0.6875 0.35390625 0.209375