1 0.340625 0.2140625 0.0578125 0.21015625
1 0.4203125 0.23515625 0.06015625 0.20234375
1 0.76796875 0.59765625 0.10703125 0.2484375
1 0.71796875 0.44765625 0.08515625 0.22265625
1 0.825 0.796875 0.1296875 0.2625
0 0.659375 0.78671875 0.0984375 0.41953125
1 0.8671875 0.9 0.14140625 0.19609375
1 0.4 0.3359375 0.09921875 0.3953125
1 0.31875 0.31328125 0.1 0.39765625
1 0.08046875 0.14609375 0.046875 0.27265625
1 0.7640625 0.9359375 0.096875 0.12578125
1 0.70234375 0.6484375 0.06796875 0.1296875
1 0.72109375 0.7359375 0.08046875 0.1484375
1 0.73515625 0.83515625 0.084375 0.14453125
1 0.68125 0.56484375 0.05546875 0.1421875
0 0.18515625 0.34921875 0.17421875 0.07421875
1 0.08515625 0.3578125 0.0609375 0.16640625
1 0.23359375 0.8328125 0.06015625 0.1125
1 0.15546875 0.80390625 0.06953125 0.1140625
0 0.125 0.096875 0.0703125 0.065625
0 0.24375 0.25 0.11171875 0.11953125
1 0.184375 0.1546875 0.0546875 0.27421875
0 0.03828125 0.328125 0.0359375 0.0484375
0 0.12578125 0.203125 0.06015625 0.07265625
0 0.24921875 0.1390625 0.1828125 0.10546875
1 0.01015625 0.3984375 0.0203125 0.1015625
1 0.0359375 0.24921875 0.021875 0.11484375
1 0.06328125 0.7875 0.0640625 0.07734375
1 0.1875 0.04609375 0.040625 0.06484375
0 0.53984375 0.23203125 0.31328125 0.1234375
0 0.10703125 0.22734375 0.03671875 0.1
1 0.6515625 0.76328125 0.0484375 0.07890625
1 0.6234375 0.59453125 0.034375 0.0515625
1 0.63359375 0.65 0.05703125 0.14765625