1 0.2609375 0.25546875 0.0640625 0.2625
1 0.82265625 0.48984375 0.0828125 0.30703125
1 0.771875 0.4 0.0671875 0.27421875
1 0.35390625 0.2359375 0.0546875 0.23515625
1 0.8640625 0.5796875 0.0953125 0.32265625
1 0.7359375 0.33671875 0.06015625 0.265625
1 0.91484375 0.75859375 0.13671875 0.4609375
0 0.7484375 0.76171875 0.21640625 0.46328125
1 0.3671875 0.36171875 0.09296875 0.47109375
1 0.26796875 0.52890625 0.07109375 0.16953125
1 0.6890625 0.63203125 0.0953125 0.19375
0 0.1578125 0.31171875 0.09921875 0.0578125
1 0.75546875 0.58203125 0.0734375 0.14609375
1 0.0671875 0.19921875 0.07109375 0.2015625
0 0.03828125 0.31796875 0.06640625 0.0515625
0 0.11484375 0.4671875 0.209375 0.078125
1 0.71484375 0.4953125 0.0609375 0.1609375
1 0.7984375 0.66484375 0.0796875 0.1578125
1 0.25625 0.4515625 0.09375 0.07578125
1 0.63828125 0.309375 0.04921875 0.33046875
1 0.0203125 0.521875 0.03984375 0.2078125
0 0.13671875 0.2046875 0.2515625 0.08359375
1 0.51484375 0.165625 0.31875 0.08046875
1 0.05625 0.13125 0.05234375 0.0703125
1 0.08671875 0.35546875 0.0609375 0.13046875
1 0.25390625 0.14375 0.05 0.03671875
1 0.7015625 0.35234375 0.03125 0.13671875
0 0.2140625 0.35 0.034375 0.09921875
1 0.315625 0.4953125 0.2078125 0.22734375