0 0.7125 0.74765625 0.18515625 0.44765625
1 0.9171875 0.803125 0.12734375 0.3375
0 0.6703125 0.6296875 0.1015625 0.21171875
0 0.06875 0.26171875 0.08125 0.04609375
0 0.15859375 0.47109375 0.2078125 0.071875
0 0.21171875 0.353125 0.10625 0.0796875
1 0.38359375 0.37890625 0.0703125 0.39765625
1 0.84765625 0.725 0.11328125 0.4046875
1 0.30078125 0.38671875 0.078125 0.40234375
1 0.7640625 0.53203125 0.0828125 0.3234375
0 0.09609375 0.38046875 0.08203125 0.10859375
0 0.22265625 0.2484375 0.1515625 0.06015625
0 0.02421875 0.515625 0.0359375 0.0453125
1 0.73046875 0.41484375 0.05625 0.234375
1 0.80859375 0.56875 0.07890625 0.26796875
0 0.5046875 0.2203125 0.28046875 0.06953125
1 0.071875 0.52578125 0.071875 0.17421875
1 0.6140625 0.340625 0.0296875 0.246875
0 0.0734375 0.3984375 0.0265625 0.071875
0 0.3421875 0.49609375 0.1765625 0.190625
1 0.69921875 0.359375 0.05078125 0.2234375
1 0.29609375 0.29375 0.0546875 0.2234375
1 0.3765625 0.2890625 0.04765625 0.2234375
1 0.715625 0.56953125 0.06015625 0.121875
1 0.2984375 0.92265625 0.0578125 0.10625
1 0.21875 0.9234375 0.071875 0.10546875
1 0.0140625 0.55546875 0.0265625 0.19765625
1 0.13046875 0.2390625 0.0609375 0.1640625
1 0.68203125 0.4984375 0.0515625 0.13125
1 0.0140625 0.43125 0.0265625 0.1234375
1 0.12890625 0.9421875 0.0640625 0.065625
1 0.3734375 0.1890625 0.040625 0.03125
1 0.12109375 0.18359375 0.04453125 0.05703125
1 0.6703125 0.3671875 0.025 0.103125