1 0.8109375 0.56796875 0.08125 0.26796875
1 0.91796875 0.80234375 0.128125 0.33671875
1 0.29609375 0.29140625 0.05390625 0.21796875
1 0.3765625 0.2796875 0.04609375 0.20859375
0 0.71171875 0.74921875 0.1859375 0.44765625
1 0.69921875 0.36171875 0.05234375 0.22421875
1 0.85078125 0.72734375 0.11953125 0.40625
1 0.775 0.4890625 0.0703125 0.253125
1 0.734375 0.4078125 0.05546875 0.2265625
1 0.03828125 0.32578125 0.075 0.26171875
1 0.38125 0.51484375 0.04921875 0.13828125
1 0.30390625 0.52578125 0.05546875 0.13984375
1 0.07265625 0.525 0.0703125 0.17109375
0 0.65703125 0.596875 0.07578125 0.1546875
1 0.2984375 0.92265625 0.05859375 0.10625
1 0.21953125 0.9234375 0.071875 0.10625
0 0.21171875 0.346875 0.1015625 0.065625
1 0.13046875 0.240625 0.06171875 0.165625
0 0.165625 0.47109375 0.1984375 0.06875
0 0.06875 0.2578125 0.10546875 0.05546875
1 0.01328125 0.55234375 0.0265625 0.20234375
1 0.7140625 0.5640625 0.0609375 0.12265625
1 0.753125 0.6421875 0.06484375 0.134375
0 0.09765625 0.384375 0.084375 0.1171875
1 0.68203125 0.49453125 0.05234375 0.13671875
1 0.61640625 0.3375 0.03828125 0.28125
0 0.2546875 0.37109375 0.03046875 0.08046875
1 0.6703125 0.36953125 0.025 0.10546875
1 0.12890625 0.9421875 0.06328125 0.065625
0 0.228125 0.24609375 0.16015625 0.0625
1 0.490625 0.2203125 0.32109375 0.075
1 0.41171875 0.43984375 0.03671875 0.06484375
1 0.0140625 0.43046875 0.0265625 0.1296875
1 0.44296875 0.37890625 0.01953125 0.03671875
1 0.3734375 0.1890625 0.0390625 0.028125
1 0.12109375 0.18515625 0.04375 0.05625
1 0.6921875 0.70078125 0.0546875 0.08828125