1 0.34296875 0.34140625 0.07421875 0.21171875
1 0.26484375 0.37421875 0.07734375 0.20703125
1 0.70859375 0.328125 0.04375 0.2359375
1 0.8109375 0.440625 0.04609375 0.26640625
1 0.6671875 0.28203125 0.0421875 0.22109375
1 0.88203125 0.51171875 0.05703125 0.28046875
0 0.74765625 0.6625 0.25625 0.38984375
1 0.95390625 0.6296875 0.0890625 0.35546875
1 0.7625 0.37578125 0.0421875 0.2453125
1 0.38671875 0.55078125 0.0640625 0.15390625
1 0.303125 0.5828125 0.096875 0.17265625
0 0.66875 0.5390625 0.09453125 0.14765625
0 0.1828125 0.46484375 0.0875 0.06875
1 0.03984375 0.51875 0.07578125 0.24921875
0 0.04921875 0.4375 0.07734375 0.078125
0 0.17890625 0.59296875 0.18984375 0.1265625
1 0.0984375 0.39921875 0.07890625 0.153125
1 0.7109375 0.47890625 0.06171875 0.1234375
1 0.08984375 0.68828125 0.08828125 0.175
0 0.0359375 0.7171875 0.0609375 0.253125
1 0.67109375 0.42421875 0.0546875 0.13828125
0 0.22578125 0.478125 0.0859375 0.10546875
0 0.18046875 0.37265625 0.14375 0.1015625
1 0.13671875 0.5140625 0.059375 0.1171875
1 0.37578125 0.4890625 0.0953125 0.090625
1 0.7625 0.53515625 0.059375 0.11796875
0 0.46328125 0.21640625 0.25546875 0.1578125
1 0.58203125 0.29921875 0.053125 0.2890625
0 0.8453125 0.3984375 0.05625 0.103125
1 0.08125 0.35234375 0.046875 0.06875
1 0.375 0.9671875 0.05625 0.06328125