1 0.0703125 0.396875 0.1015625 0.37109375
1 0.8609375 0.5421875 0.06171875 0.246875
1 0.29765625 0.31171875 0.0609375 0.259375
1 0.15078125 0.38671875 0.090625 0.36875
1 0.21796875 0.325 0.0734375 0.26640625
1 0.8015625 0.3859375 0.059375 0.284375
1 0.5828125 0.26875 0.0375 0.26953125
1 0.778125 0.27578125 0.05078125 0.2609375
1 0.92890625 0.72578125 0.06640625 0.23671875
1 0.8265625 0.4390625 0.05625 0.2546875
1 0.9125 0.6046875 0.04765625 0.17265625
1 0.02734375 0.46171875 0.0546875 0.2671875
1 0.34765625 0.88828125 0.07890625 0.18359375
1 0.44140625 0.85234375 0.05078125 0.2046875
1 0.54453125 0.83671875 0.05 0.19140625
1 0.8390625 0.3296875 0.0296875 0.053125
1 0.784375 0.1703125 0.03515625 0.05390625
1 0.8734375 0.43359375 0.03515625 0.04921875