1 0.79296875 0.64296875 0.07734375 0.2
1 0.8140625 0.82265625 0.0875 0.2046875
1 0.603125 0.3328125 0.0671875 0.2171875
1 0.76875 0.48828125 0.07578125 0.21953125
1 0.29375 0.26328125 0.04140625 0.22421875
1 0.36171875 0.278125 0.04765625 0.21875
1 0.2296875 0.25546875 0.0390625 0.23671875
1 0.10078125 0.2203125 0.03828125 0.234375
1 0.16328125 0.2765625 0.0484375 0.31640625
1 0.4734375 0.78984375 0.08359375 0.16328125
1 0.31171875 0.76875 0.05703125 0.1546875
1 0.396875 0.76953125 0.06328125 0.1703125
1 0.0421875 0.29765625 0.053125 0.23828125
1 0.77109375 0.3796875 0.06328125 0.1765625
1 0.7671875 0.78203125 0.0671875 0.13984375
1 0.0390625 0.25078125 0.028125 0.11328125
1 0.28515625 0.4078125 0.04609375 0.1140625
1 0.10390625 0.36484375 0.0484375 0.115625
1 0.34921875 0.421875 0.046875 0.1109375