1 0.0734375 0.41953125 0.09453125 0.31796875
1 0.8078125 0.5296875 0.05078125 0.20625
1 0.7703125 0.4734375 0.06328125 0.22421875
1 0.13828125 0.4109375 0.084375 0.31640625
1 0.203125 0.40234375 0.07734375 0.315625
1 0.73671875 0.3015625 0.0421875 0.209375
1 0.2609375 0.35 0.0640625 0.23125
1 0.325 0.3359375 0.05078125 0.2203125
1 0.03125 0.4515625 0.0625 0.27890625
1 0.85546875 0.7 0.07421875 0.21015625
1 0.56875 0.303125 0.03203125 0.23046875
1 0.8484375 0.58984375 0.040625 0.14765625
1 0.36953125 0.82890625 0.0640625 0.1546875
1 0.45078125 0.79765625 0.04375 0.17421875
1 0.53828125 0.7859375 0.0421875 0.1640625
1 0.76015625 0.3765625 0.03984375 0.18984375
1 0.8171875 0.44296875 0.02890625 0.04296875
1 0.7875 0.3515625 0.02421875 0.04140625
1 0.87578125 0.6140625 0.03203125 0.05078125