1 0.06171875 0.371875 0.07109375 0.21953125
1 0.80859375 0.53359375 0.05078125 0.20703125
1 0.1390625 0.41171875 0.08359375 0.31484375
1 0.2609375 0.35 0.0640625 0.2296875
1 0.20390625 0.4015625 0.07734375 0.315625
1 0.7359375 0.30234375 0.04296875 0.21015625
1 0.32890625 0.33984375 0.05234375 0.22265625
1 0.75859375 0.3890625 0.04296875 0.2109375
1 0.03046875 0.45234375 0.0609375 0.271875
1 0.8578125 0.69921875 0.0765625 0.2140625
1 0.5703125 0.30234375 0.03203125 0.22890625
1 0.36953125 0.82890625 0.06640625 0.1546875
1 0.84921875 0.590625 0.040625 0.14765625
1 0.45078125 0.7984375 0.04375 0.17421875
1 0.5375 0.78671875 0.04296875 0.1640625
1 0.09296875 0.51640625 0.05703125 0.12109375
1 0.8171875 0.44375 0.03046875 0.04375
1 0.78828125 0.353125 0.02578125 0.04296875
1 0.87578125 0.61484375 0.03203125 0.05390625