1 0.809375 0.528125 0.046875 0.19453125
1 0.06171875 0.371875 0.07109375 0.21953125
1 0.1375 0.4109375 0.08203125 0.31484375
1 0.2609375 0.3484375 0.06328125 0.22734375
1 0.203125 0.4015625 0.07734375 0.315625
1 0.75859375 0.390625 0.04296875 0.209375
1 0.7375 0.29921875 0.04140625 0.20625
1 0.85625 0.70078125 0.0734375 0.21015625
1 0.03046875 0.45078125 0.0609375 0.27890625
1 0.33203125 0.3828125 0.0609375 0.3046875
1 0.8484375 0.590625 0.04140625 0.1515625
1 0.3703125 0.8296875 0.06640625 0.1546875
1 0.45 0.796875 0.0421875 0.17109375
1 0.56953125 0.30078125 0.03203125 0.2265625
1 0.5375 0.7859375 0.0421875 0.16328125
1 0.7765625 0.44375 0.04921875 0.209375
1 0.8171875 0.4453125 0.03046875 0.0453125
1 0.09296875 0.51796875 0.05703125 0.11953125