0 0.53515625 0.46796875 0.18203125 0.06015625
0 0.4109375 0.475 0.21875 0.07734375
0 0.66875 0.4984375 0.1234375 0.12578125
0 0.059375 0.57421875 0.115625 0.1078125
0 0.32578125 0.56171875 0.44609375 0.1171875
0 0.2625 0.4796875 0.06328125 0.05546875
0 0.678125 0.43046875 0.07734375 0.0828125
0 0.50390625 0.41953125 0.1140625 0.046875
0 0.6640625 0.62109375 0.19375 0.21015625
0 0.303125 0.47734375 0.1296875 0.0875
0 0.171875 0.44765625 0.040625 0.08046875
0 0.34921875 0.428125 0.04140625 0.04375
0 0.60625 0.39296875 0.1 0.05078125
0 0.43046875 0.41640625 0.04765625 0.0515625