0 0.53671875 0.475 0.15390625 0.071875
0 0.675 0.5 0.11484375 0.12421875
0 0.40234375 0.4765625 0.21171875 0.0796875
0 0.321875 0.56484375 0.44921875 0.12265625
0 0.678125 0.4328125 0.07890625 0.08671875
0 0.0578125 0.578125 0.1125 0.11015625
0 0.665625 0.62265625 0.190625 0.2109375
0 0.259375 0.478125 0.04765625 0.0515625
0 0.52734375 0.41640625 0.14609375 0.04609375
0 0.3046875 0.4734375 0.13046875 0.09609375
0 0.3703125 0.41640625 0.12109375 0.06953125
0 0.59921875 0.384375 0.075 0.028125
0 0.68359375 0.37265625 0.04609375 0.05234375
0 0.17265625 0.45078125 0.04296875 0.08828125