1 0.51640625 0.259375 0.084375 0.30625
1 0.60078125 0.3 0.09296875 0.3125
1 0.6875 0.34140625 0.10390625 0.3203125
1 0.42578125 0.2203125 0.07421875 0.30546875
1 0.78046875 0.390625 0.11953125 0.33828125
1 0.89375 0.41640625 0.11171875 0.3046875
1 0.340625 0.1828125 0.0671875 0.29609375
1 0.84453125 0.56484375 0.209375 0.59921875
1 0.3125 0.32578125 0.11875 0.57109375
1 0.39765625 0.36484375 0.1265625 0.578125
1 0.70078125 0.71484375 0.0828125 0.21015625
1 0.61796875 0.675 0.07578125 0.2078125
1 0.53359375 0.63515625 0.0703125 0.20625
1 0.78984375 0.746875 0.096875 0.22890625
2 0.65078125 0.53046875 0.0875 0.12265625
2 0.2921875 0.37578125 0.0828125 0.11953125
2 0.47421875 0.4578125 0.09296875 0.128125