1 0.65546875 0.2703125 0.05390625 0.31640625
1 0.56484375 0.26953125 0.04453125 0.321875
1 0.8640625 0.2734375 0.0734375 0.31640625
1 0.475 0.2671875 0.04296875 0.315625
1 0.38125 0.26484375 0.053125 0.31640625
1 0.75625 0.2671875 0.06328125 0.30703125
1 0.29140625 0.25546875 0.05859375 0.30234375
1 0.46640625 0.4109375 0.0765625 0.59453125
2 0.75703125 0.48125 0.0890625 0.12734375
1 0.5578125 0.61796875 0.04375 0.209375
1 0.64375 0.62578125 0.04765625 0.21328125
1 0.73203125 0.63203125 0.05625 0.2171875
1 0.38671875 0.590625 0.0484375 0.22265625
1 0.303125 0.58125 0.04921875 0.22265625
2 0.5578125 0.46796875 0.0828125 0.1203125
1 0.82578125 0.634375 0.06640625 0.22734375
2 0.2796875 0.45703125 0.10078125 0.11484375