1 0.909375 0.428125 0.134375 0.73984375
1 0.57734375 0.2265625 0.05234375 0.37421875
1 0.8015625 0.2328125 0.075 0.37890625
1 0.24921875 0.38359375 0.10546875 0.68828125
1 0.6828125 0.23828125 0.065625 0.39140625
1 0.471875 0.228125 0.05078125 0.37734375
1 0.36015625 0.21484375 0.05859375 0.35703125
1 0.93046875 0.22265625 0.078125 0.35078125
1 0.47109375 0.6234375 0.05234375 0.25390625
1 0.77421875 0.6515625 0.065625 0.26171875
1 0.56875 0.63359375 0.053125 0.25859375
1 0.36875 0.60390625 0.05625 0.265625
1 0.66875 0.6421875 0.059375 0.26328125
1 0.25390625 0.2078125 0.06328125 0.3453125
2 0.3421875 0.45546875 0.09609375 0.13984375
2 0.56953125 0.4625 0.09921875 0.140625
2 0.45859375 0.45859375 0.09921875 0.1421875
2 0.23828125 0.45546875 0.103125 0.13125
2 0.93125 0.49140625 0.125 0.15625