1 0.65703125 0.2625 0.0515625 0.29765625
1 0.47421875 0.25390625 0.03984375 0.28984375
1 0.56484375 0.25859375 0.040625 0.29375
1 0.75625 0.26953125 0.06171875 0.3125
2 0.46484375 0.465625 0.08828125 0.12421875
1 0.86328125 0.27421875 0.071875 0.31640625
1 0.475 0.6 0.04140625 0.22109375
1 0.3875 0.59609375 0.04375 0.1984375
1 0.8234375 0.6375 0.05625 0.2078125
1 0.38125 0.26171875 0.05234375 0.31015625
1 0.73203125 0.6328125 0.05 0.203125
1 0.303125 0.5859375 0.0453125 0.196875
1 0.55703125 0.41640625 0.065625 0.60078125
1 0.64453125 0.6203125 0.04296875 0.215625
2 0.75625 0.48359375 0.0921875 0.128125
2 0.27734375 0.45390625 0.07890625 0.1015625
2 0.36875 0.459375 0.1015625 0.13125
2 0.56328125 0.4734375 0.09140625 0.13671875
2 0.865625 0.49921875 0.10625 0.128125
2 0.6546875 0.484375 0.090625 0.1234375
1 0.29765625 0.24765625 0.08671875 0.28828125