1 0.75390625 0.28046875 0.0671875 0.33203125
1 0.56484375 0.26875 0.04296875 0.31796875
1 0.6546875 0.2765625 0.05625 0.3265625
1 0.475 0.26796875 0.04296875 0.3171875
1 0.8640625 0.275 0.07265625 0.3171875
1 0.290625 0.26484375 0.05859375 0.3203125
1 0.38046875 0.259375 0.05 0.30625
1 0.73203125 0.628125 0.05703125 0.22578125
1 0.47421875 0.59921875 0.04375 0.22578125
1 0.30234375 0.57578125 0.05078125 0.23359375
1 0.64296875 0.62265625 0.04921875 0.2203125
1 0.5578125 0.6140625 0.04375 0.21796875
1 0.38671875 0.590625 0.046875 0.22265625
1 0.8265625 0.6203125 0.0703125 0.2546875
2 0.5578125 0.46640625 0.084375 0.12265625
2 0.4640625 0.46328125 0.0859375 0.12265625
2 0.7625 0.4890625 0.09375 0.13671875
2 0.27734375 0.45 0.09375 0.1234375