1 0.62578125 0.77890625 0.0390625 0.4421875
1 0.503125 0.740625 0.04765625 0.51875
1 0.31640625 0.65625 0.05703125 0.59609375
1 0.203125 0.5359375 0.0609375 0.49921875
1 0.146875 0.5 0.05 0.4484375
1 0.6265625 0.2125 0.046875 0.425
0 0.84140625 0.60859375 0.26171875 0.1546875
1 0.49453125 0.17421875 0.0484375 0.3484375
1 0.85625 0.2640625 0.08046875 0.528125
1 0.29921875 0.121875 0.04296875 0.23515625
1 0.1265625 0.1203125 0.05078125 0.23671875
1 0.08984375 0.0734375 0.0328125 0.14375
0 0.4171875 0.3734375 0.1328125 0.13125
0 0.240625 0.2734375 0.16640625 0.11328125
0 0.62421875 0.46015625 0.2125 0.1671875