1 0.85703125 0.26484375 0.084375 0.52890625
1 0.62734375 0.228125 0.0515625 0.45625
1 0.9359375 0.53671875 0.0484375 0.1265625
1 0.49296875 0.18359375 0.05078125 0.36640625
1 0.30078125 0.14140625 0.04609375 0.28125
1 0.09453125 0.1125 0.04921875 0.22421875
1 0.2296875 0.10546875 0.04140625 0.20546875
1 0.12578125 0.1125 0.046875 0.22265625
1 0.1734375 0.09765625 0.0421875 0.19140625
1 0.13125 0.36484375 0.121875 0.725
1 0.5609375 0.3453125 0.025 0.071875
1 0.19453125 0.38984375 0.10390625 0.77890625
1 0.73671875 0.54921875 0.140625 0.14375
1 0.309375 0.47109375 0.0828125 0.94140625
1 0.49921875 0.50390625 0.06953125 0.97578125