1 0.72734375 0.371875 0.0953125 0.49140625
1 0.5765625 0.28125 0.065625 0.44375
1 0.646875 0.321875 0.07578125 0.45859375
1 0.41015625 0.19140625 0.04375 0.375
1 0.5125 0.24296875 0.078125 0.428125
1 0.46328125 0.209375 0.046875 0.4046875
1 0.26015625 0.134375 0.04140625 0.25625
1 0.95546875 0.61328125 0.0875 0.41640625
2 0.10234375 0.4703125 0.034375 0.0875
1 0.22734375 0.1296875 0.04375 0.23828125
2 0.10234375 0.05625 0.021875 0.04453125
1 0.15625 0.4421875 0.0609375 0.1328125
1 0.12890625 0.0953125 0.0359375 0.16953125
1 0.14921875 0.0953125 0.03359375 0.18125
1 0.5234375 0.12890625 0.0390625 0.1984375
1 0.5859375 0.15703125 0.04296875 0.19765625
2 0.12265625 0.446875 0.034375 0.05859375
0 0.28984375 0.17734375 0.04140625 0.2078125
1 0.19375 0.11015625 0.03828125 0.20859375
2 0.31796875 0.13984375 0.03828125 0.05625