2 0.7078125 0.58125 0.03984375 0.06640625
1 0.59453125 0.346875 0.1 0.37109375
1 0.47109375 0.209375 0.07109375 0.3359375
1 0.5109375 0.25234375 0.08125 0.33671875
1 0.9078125 0.665625 0.17578125 0.60078125
1 0.35234375 0.11484375 0.04375 0.2203125
2 0.17890625 0.340625 0.0234375 0.07734375
1 0.3265625 0.1015625 0.04296875 0.1953125
2 0.44375 0.221875 0.0375 0.07421875
1 0.284375 0.07421875 0.03125 0.14609375
2 0.4265625 0.19765625 0.04453125 0.0859375
2 0.4015625 0.140625 0.02890625 0.053125
1 0.22421875 0.33515625 0.0453125 0.11484375
2 0.2 0.32890625 0.0265625 0.046875
1 0.30078125 0.0984375 0.03203125 0.15078125