1 0.69609375 0.3890625 0.07734375 0.4171875
1 0.42421875 0.2265625 0.0375 0.3421875
1 0.3203125 0.159375 0.0375 0.31015625
1 0.46796875 0.25 0.0421875 0.34765625
1 0.5140625 0.28515625 0.05859375 0.3640625
1 0.56328125 0.31328125 0.0734375 0.37578125
1 0.9234375 0.46171875 0.15 0.78359375
1 0.625 0.34765625 0.0578125 0.378125
1 0.26328125 0.14140625 0.0390625 0.28125
2 0.1625 0.475 0.0265625 0.0734375
1 0.28828125 0.14921875 0.03984375 0.29453125
2 0.16484375 0.12265625 0.02421875 0.03984375
1 0.1984375 0.12109375 0.0359375 0.23671875
1 0.23828125 0.12265625 0.03671875 0.2421875
2 0.39765625 0.253125 0.03671875 0.06796875
2 0.34609375 0.196875 0.02890625 0.05078125
1 0.51875 0.1828125 0.03046875 0.1609375
1 0.221875 0.1484375 0.0296875 0.19296875
2 0.18125 0.45546875 0.02734375 0.04921875
2 0.3796875 0.24375 0.0203125 0.05234375
1 0.2078125 0.44921875 0.05 0.11484375