1 0.69296875 0.39296875 0.0765625 0.421875
1 0.6234375 0.34765625 0.06171875 0.38828125
1 0.31953125 0.1609375 0.03984375 0.31015625
1 0.565625 0.3171875 0.053125 0.38359375
1 0.42421875 0.23046875 0.0375 0.34765625
1 0.5140625 0.28359375 0.0453125 0.36328125
1 0.46953125 0.25546875 0.03828125 0.3578125
1 0.28984375 0.1515625 0.0390625 0.29609375
1 0.26328125 0.13828125 0.03984375 0.27265625
1 0.93203125 0.42421875 0.13515625 0.67578125
2 0.16328125 0.4734375 0.0296875 0.0765625
2 0.16484375 0.1234375 0.02265625 0.040625
2 0.396875 0.2515625 0.0359375 0.0671875
1 0.19921875 0.11796875 0.03359375 0.22734375
1 0.2390625 0.125 0.03984375 0.246875
2 0.3453125 0.1953125 0.0328125 0.0515625
1 0.2078125 0.44921875 0.05078125 0.115625
2 0.18046875 0.45390625 0.02734375 0.046875