1 0.56640625 0.309375 0.06171875 0.38359375
1 0.51484375 0.28359375 0.04765625 0.371875
1 0.46875 0.253125 0.04140625 0.35859375
1 0.625 0.346875 0.06171875 0.39296875
1 0.92734375 0.43203125 0.13359375 0.6890625
1 0.31953125 0.1609375 0.03984375 0.31015625
1 0.28984375 0.1515625 0.03828125 0.296875
1 0.425 0.23203125 0.03828125 0.353125
1 0.18125 0.1140625 0.04375 0.228125
1 0.2625 0.13828125 0.040625 0.2765625
2 0.721875 0.5 0.04609375 0.084375
2 0.16171875 0.475 0.0265625 0.075
2 0.16484375 0.1234375 0.0234375 0.040625
2 0.34609375 0.19609375 0.02734375 0.04609375
2 0.3984375 0.25234375 0.034375 0.06875
2 0.18125 0.45234375 0.0265625 0.04453125
2 0.44921875 0.25390625 0.02421875 0.053125
2 0.45078125 0.3203125 0.0203125 0.03984375
2 0.19140625 0.12578125 0.07578125 0.0515625
2 0.38046875 0.24453125 0.01640625 0.0484375
2 0.1765625 0.4046875 0.03828125 0.0671875
1 0.69296875 0.39296875 0.075 0.42265625