1 0.5703125 0.52890625 0.171875 0.53984375
1 0.43984375 0.4546875 0.1375 0.50859375
1 0.3328125 0.39375 0.1109375 0.47890625
1 0.73203125 0.61953125 0.22421875 0.559375
1 0.23203125 0.334375 0.10546875 0.45859375
1 0.14609375 0.28046875 0.103125 0.44140625
2 0.05546875 0.3453125 0.05625 0.1
2 0.1015625 0.34921875 0.0484375 0.05546875
2 0.24453125 0.459375 0.0765625 0.11953125
2 0.35390625 0.52578125 0.10625 0.09375
2 0.48046875 0.60546875 0.11015625 0.09609375
2 0.115625 0.30390625 0.0234375 0.028125
2 0.159375 0.403125 0.0890625 0.08828125
2 0.26953125 0.3140625 0.02265625 0.02421875
2 0.41328125 0.4859375 0.05234375 0.07421875
2 0.63984375 0.69140625 0.1375 0.10859375