1 0.57109375 0.52890625 0.171875 0.5375
1 0.73359375 0.61953125 0.22109375 0.5578125
1 0.43984375 0.45625 0.13515625 0.50625
1 0.33203125 0.39609375 0.115625 0.4859375
1 0.234375 0.32890625 0.1 0.44765625
1 0.146875 0.271875 0.096875 0.42421875
2 0.0546875 0.34375 0.0578125 0.09921875
2 0.10234375 0.346875 0.0484375 0.05078125
2 0.35234375 0.521875 0.12421875 0.09296875
2 0.24765625 0.45859375 0.06875 0.134375
2 0.48984375 0.62109375 0.1109375 0.1171875
2 0.1640625 0.390625 0.03984375 0.1234375
2 0.62734375 0.6984375 0.1203125 0.11796875
1 0.69296875 0.8171875 0.1 0.159375