1 0.58046875 0.58671875 0.296875 0.59140625
1 0.4640625 0.45390625 0.23359375 0.5109375
1 0.20546875 0.21484375 0.18515625 0.42109375
1 0.3875 0.2875 0.1734375 0.3296875
2 0.35 0.48515625 0.07109375 0.10703125
1 0.30390625 0.21328125 0.1453125 0.3296875
2 0.1125 0.240625 0.05078125 0.1
2 0.1609375 0.26015625 0.05 0.059375
1 0.73671875 0.6125 0.27578125 0.39609375
2 0.253125 0.196875 0.02265625 0.021875
2 0.184375 0.21875 0.0265625 0.0296875
1 0.39140625 0.59609375 0.13046875 0.203125
1 0.63515625 0.4125 0.15625 0.24921875
1 0.51875 0.31328125 0.13359375 0.23828125