1 0.43671875 0.4546875 0.14140625 0.51015625
1 0.33203125 0.39609375 0.11171875 0.48671875
1 0.234375 0.3390625 0.09140625 0.46953125
1 0.5640625 0.52578125 0.18515625 0.53828125
2 0.05546875 0.34375 0.059375 0.0984375
1 0.14765625 0.2796875 0.0875 0.4375
1 0.72578125 0.61796875 0.23515625 0.5578125
1 0.60625 0.38125 0.09921875 0.2515625
1 0.23828125 0.2078125 0.06015625 0.215625
1 0.46484375 0.315625 0.0828125 0.23515625
1 0.346875 0.2578125 0.065625 0.2203125
1 0.78515625 0.46171875 0.1203125 0.25625
2 0.1796875 0.38828125 0.08984375 0.0953125
2 0.1015625 0.346875 0.04453125 0.046875
2 0.11953125 0.309375 0.03046875 0.03359375
2 0.17890625 0.26875 0.02265625 0.021875
2 0.11953125 0.35859375 0.0453125 0.05078125
2 0.634375 0.72890625 0.1546875 0.1515625
2 0.47734375 0.6265625 0.14453125 0.1328125