1 0.428125 0.4484375 0.16640625 0.59140625
1 0.3046875 0.37890625 0.1296875 0.5703125
1 0.58515625 0.53359375 0.2046875 0.62578125
1 0.775 0.6421875 0.2609375 0.6546875
1 0.1890625 0.309375 0.11640625 0.55
1 0.08359375 0.259375 0.11328125 0.51015625
2 0.0328125 0.3203125 0.0546875 0.06015625
2 0.05234375 0.27421875 0.0328125 0.0375
2 0.2015625 0.45078125 0.08984375 0.1328125
2 0.334375 0.51015625 0.13984375 0.0984375
2 0.11484375 0.38515625 0.09921875 0.0984375
2 0.4796875 0.625 0.1078125 0.15703125
2 0.65703125 0.73671875 0.1171875 0.1515625
2 0.12421875 0.22890625 0.0265625 0.02578125
1 0.72890625 0.87578125 0.109375 0.16796875
2 0.125 0.44609375 0.21953125 0.2546875