1 0.30078125 0.36640625 0.07265625 0.4171875
1 0.3828125 0.353125 0.06328125 0.4078125
1 0.840625 0.69296875 0.1328125 0.35
1 0.684375 0.3921875 0.078125 0.2671875
1 0.903125 0.8078125 0.16015625 0.33984375
1 0.7515625 0.52109375 0.10234375 0.321875
1 0.8140625 0.54921875 0.07265625 0.253125
1 0.03203125 0.27734375 0.0625 0.2375
1 0.73359375 0.41640625 0.05390625 0.22265625
2 0.30390625 0.4609375 0.06484375 0.0765625
2 0.628125 0.51953125 0.04296875 0.05078125
2 0.64296875 0.56484375 0.046875 0.05078125
2 0.009375 0.4875 0.01796875 0.0875
2 0.71875 0.7875 0.0625 0.07578125
2 0.74609375 0.8625 0.0703125 0.09296875
2 0.7796875 0.940625 0.08046875 0.06875
2 0.6765625 0.6640625 0.05234375 0.0640625
2 0.696875 0.71640625 0.053125 0.06796875
2 0.00390625 0.4640625 0.0078125 0.03515625
2 0.0140625 0.61328125 0.028125 0.04375
1 0.07734375 0.4 0.11328125 0.46015625
2 0.05703125 0.478125 0.06484375 0.0765625
2 0.3875 0.4484375 0.06484375 0.0765625