1 0.3828125 0.353125 0.06328125 0.41171875
1 0.3 0.36640625 0.07421875 0.41953125
1 0.909375 0.80703125 0.1484375 0.33671875
1 0.784375 0.60625 0.13828125 0.39296875
1 0.68046875 0.39609375 0.084375 0.26953125
1 0.840625 0.69453125 0.1375 0.35703125
1 0.05625 0.38515625 0.1125 0.46171875
2 0.06640625 0.4875 0.0546875 0.08203125
1 0.77578125 0.48203125 0.06171875 0.23828125
2 0.3 0.46796875 0.06640625 0.1015625
2 0.7453125 0.86484375 0.06796875 0.0921875
2 0.71171875 0.7171875 0.08515625 0.0859375
2 0.62734375 0.52109375 0.03984375 0.05078125
2 0.7171875 0.78828125 0.059375 0.071875
1 0.03125 0.2765625 0.06015625 0.23203125
2 0.675 0.6640625 0.04921875 0.06328125
2 0.6578125 0.6125 0.0484375 0.0578125
2 0.64296875 0.56640625 0.04609375 0.05078125
2 0.3921875 0.44921875 0.0640625 0.071875