1 0.29609375 0.37265625 0.090625 0.47265625
1 0.38515625 0.35390625 0.0671875 0.41328125
1 0.0578125 0.3859375 0.11484375 0.465625
1 0.6828125 0.396875 0.07890625 0.2703125
1 0.78828125 0.6 0.1234375 0.3859375
1 0.89609375 0.80546875 0.1703125 0.35078125
1 0.8390625 0.6984375 0.13828125 0.36796875
1 0.01484375 0.53515625 0.02890625 0.19375
2 0.39296875 0.45078125 0.09375 0.08984375
2 0.04453125 0.4515625 0.028125 0.0421875
2 0.00859375 0.49140625 0.01640625 0.0734375
2 0.73515625 0.62890625 0.08125 0.0953125
2 0.628125 0.51953125 0.0421875 0.05078125
2 0.64296875 0.56484375 0.04609375 0.05
2 0.28203125 0.1640625 0.03671875 0.02109375
2 0.371875 0.15390625 0.034375 0.0203125
2 0.7578125 0.6 0.04609375 0.05703125
2 0.78125 0.94140625 0.0828125 0.06875
2 0.01015625 0.16328125 0.0203125 0.021875
2 0.69765625 0.7203125 0.05546875 0.0703125
2 0.00390625 0.4625 0.0078125 0.0359375
2 0.71953125 0.7875 0.0640625 0.075
2 0.96015625 0.6625 0.0546875 0.05078125
2 0.659375 0.61171875 0.0515625 0.05859375
2 0.746875 0.86328125 0.07109375 0.09375
2 0.67734375 0.6640625 0.05390625 0.0640625