2 0.2703125 0.45078125 0.0609375 0.0875
2 0.36953125 0.43515625 0.06015625 0.0875
2 0.0125 0.48203125 0.02421875 0.07890625
1 0.71484375 0.3765625 0.0921875 0.31171875
1 0.84453125 0.66875 0.17109375 0.5359375
1 0.79609375 0.528125 0.12109375 0.39296875
1 0.0203125 0.5171875 0.0390625 0.21953125
2 0.6515625 0.525 0.04921875 0.06015625
2 0.6703125 0.57890625 0.05546875 0.05859375
2 0.75859375 0.84140625 0.07421875 0.0875
2 0.790625 0.9296875 0.08046875 0.10859375
2 0.709375 0.69453125 0.0625 0.07265625
2 0.734375 0.759375 0.065625 0.08046875
2 0.3640625 0.3484375 0.05078125 0.05546875
2 0.0109375 0.4328125 0.0203125 0.05546875
1 0.77578125 0.396875 0.059375 0.246875
2 0.6875 0.63359375 0.0578125 0.06640625
2 0.2484375 0.41953125 0.0265625 0.0515625
2 0.38671875 0.39609375 0.021875 0.04296875
2 0.2640625 0.35546875 0.053125 0.05703125