1 0.2875 0.40234375 0.0875 0.575
1 0.7453125 0.43046875 0.096875 0.62421875
1 0.37890625 0.40546875 0.0734375 0.58125
1 0.559375 0.41484375 0.07265625 0.6
1 0.85 0.4359375 0.11640625 0.6328125
1 0.4734375 0.409375 0.0703125 0.5890625
1 0.6453125 0.4203125 0.08203125 0.609375
1 0.56875 0.25703125 0.0421875 0.28984375
1 0.65390625 0.259375 0.05078125 0.29296875
1 0.478125 0.25 0.04296875 0.28046875
1 0.865625 0.26640625 0.0703125 0.2984375
1 0.2875 0.2453125 0.05078125 0.2703125
1 0.75625 0.2609375 0.059375 0.29453125
2 0.85859375 0.51328125 0.12421875 0.18828125
2 0.27890625 0.4484375 0.0921875 0.13203125
2 0.74453125 0.51015625 0.1109375 0.1875
2 0.6578125 0.484375 0.11171875 0.14375
2 0.56796875 0.48359375 0.11171875 0.14375
2 0.471875 0.4734375 0.11171875 0.14375
2 0.38515625 0.4625 0.11171875 0.14375