1 0.290625 0.4015625 0.078125 0.575
1 0.74375 0.43046875 0.0921875 0.61953125
1 0.8484375 0.43515625 0.11171875 0.63125
1 0.38203125 0.40390625 0.06640625 0.58046875
1 0.47109375 0.40859375 0.0703125 0.58828125
1 0.6453125 0.41953125 0.0734375 0.60859375
1 0.56171875 0.41328125 0.0625 0.5984375
2 0.85859375 0.50625 0.11640625 0.14921875
2 0.65625 0.47578125 0.0890625 0.14921875
2 0.75859375 0.475 0.08671875 0.1546875
2 0.26875 0.45078125 0.115625 0.11953125
2 0.56328125 0.46953125 0.0890625 0.14921875
2 0.46484375 0.46796875 0.0890625 0.14921875
2 0.3625 0.45859375 0.0890625 0.14921875