1 0.31484375 0.32109375 0.11953125 0.5703125
1 0.40078125 0.36015625 0.125 0.575
1 0.57578125 0.44296875 0.153125 0.59375
1 0.4921875 0.403125 0.13984375 0.58359375
1 0.85 0.56328125 0.20390625 0.6
1 0.65703125 0.4859375 0.16796875 0.6078125
2 0.2796875 0.35859375 0.12421875 0.1484375
2 0.3828125 0.4078125 0.0875 0.1390625
2 0.47265625 0.4515625 0.0875 0.1390625
2 0.55625 0.50703125 0.0875 0.1390625
2 0.65 0.53359375 0.0859375 0.1390625
2 0.74921875 0.58984375 0.084375 0.1484375
2 0.8484375 0.6375 0.1109375 0.18671875