1 0.25234375 0.38359375 0.0953125 0.67734375
1 0.78984375 0.41484375 0.1140625 0.728125
1 0.6734375 0.40703125 0.0921875 0.7140625
2 0.9171875 0.49609375 0.12578125 0.171875
1 0.5734375 0.4 0.078125 0.7015625
1 0.3578125 0.3859375 0.08671875 0.68125
1 0.471875 0.3921875 0.0734375 0.68828125
2 0.8015625 0.484375 0.12578125 0.171875
2 0.6859375 0.4796875 0.12578125 0.171875
2 0.571875 0.48125 0.12578125 0.171875
2 0.4546875 0.47265625 0.12578125 0.171875
2 0.34375 0.4515625 0.12578125 0.171875
2 0.23984375 0.459375 0.12578125 0.171875
1 0.9234375 0.409375 0.1140625 0.728125