1 0.74296875 0.428125 0.09375 0.61640625
1 0.29140625 0.40078125 0.078125 0.571875
1 0.3765625 0.40390625 0.07421875 0.57578125
1 0.64453125 0.4203125 0.07734375 0.6046875
1 0.471875 0.40859375 0.06953125 0.5828125
1 0.8515625 0.434375 0.11484375 0.6328125
2 0.55546875 0.47578125 0.08984375 0.12265625
2 0.65234375 0.48046875 0.09453125 0.13125
1 0.8640625 0.265625 0.06953125 0.3
1 0.478125 0.25078125 0.04375 0.27890625
2 0.75390625 0.4921875 0.09453125 0.13125
2 0.8609375 0.49765625 0.09453125 0.13125
2 0.5515625 0.48125 0.09453125 0.13125
2 0.4640625 0.46953125 0.09453125 0.13125
2 0.37421875 0.46796875 0.09453125 0.13125
2 0.27890625 0.45546875 0.09453125 0.13125