1 0.36875 0.36171875 0.0734375 0.4859375
1 0.26328125 0.371875 0.0875 0.49296875
1 0.0265625 0.54375 0.05078125 0.2359375
1 0.7921875 0.54375 0.13125 0.43671875
1 0.71796875 0.40703125 0.0921875 0.3640625
1 0.90703125 0.7625 0.15859375 0.46171875
2 0.240625 0.43828125 0.02421875 0.05390625
2 0.67578125 0.52734375 0.06015625 0.09609375
2 0.01328125 0.46171875 0.0265625 0.0578125
2 0.34375 0.42265625 0.02109375 0.05078125
2 0.81328125 0.93125 0.075 0.125
1 0.778125 0.37734375 0.059375 0.2484375
2 0.6359375 0.49609375 0.0265625 0.06875
2 0.74140625 0.75703125 0.0296875 0.0703125
2 0.6828125 0.63984375 0.03359375 0.0515625
2 0.74140625 0.58515625 0.109375 0.209375
2 0.659375 0.51484375 0.02578125 0.03828125
1 0.36328125 0.228125 0.04296875 0.21953125