1 0.3796875 0.4 0.0484375 0.45078125
1 0.2828125 0.3921875 0.06328125 0.42890625
1 0.059375 0.4203125 0.11640625 0.43671875
1 0.6859375 0.41640625 0.07109375 0.3
1 0.75078125 0.51953125 0.103125 0.33828125
2 0.03828125 0.47109375 0.02421875 0.046875
1 0.8421875 0.74140625 0.1453125 0.43828125
2 0.65546875 0.52109375 0.04140625 0.0734375
2 0.36640625 0.4328125 0.01484375 0.04296875
2 0.7703125 0.86640625 0.0703125 0.11640625
1 0.73125 0.40390625 0.0515625 0.225
1 0.93046875 0.79296875 0.109375 0.30859375
2 0.6140625 0.49921875 0.025 0.059375
2 0.77578125 0.8046875 0.05234375 0.08984375
2 0.65390625 0.615625 0.02890625 0.046875
2 0.178125 0.91796875 0.05859375 0.09921875
2 0.7046875 0.715625 0.025 0.05859375
2 0.74453125 0.8484375 0.0265625 0.07734375