1 0.38671875 0.38203125 0.0625 0.415625
1 0.29765625 0.38984375 0.0765625 0.421875
1 0.05703125 0.4203125 0.1140625 0.43515625
1 0.74609375 0.525 0.1171875 0.34453125
1 0.684375 0.41953125 0.07734375 0.31015625
2 0.65703125 0.51953125 0.0375 0.0703125
2 0.0390625 0.47109375 0.02421875 0.046875
2 0.278125 0.44609375 0.02109375 0.04609375
1 0.80625 0.6171875 0.36015625 0.71640625
2 0.76875 0.86796875 0.06484375 0.11328125
1 0.73203125 0.40390625 0.0546875 0.2234375
1 0.2859375 0.27578125 0.04765625 0.1921875
2 0.6140625 0.4984375 0.0234375 0.05859375
2 0.70546875 0.715625 0.0265625 0.059375
2 0.7453125 0.84765625 0.0265625 0.07578125
1 0.38203125 0.26484375 0.03671875 0.17890625
2 0.65390625 0.6171875 0.02890625 0.04609375
2 0.6359375 0.51171875 0.02265625 0.0328125
2 0.1890625 0.91953125 0.078125 0.10234375
1 0.03125 0.30078125 0.05859375 0.1921875
2 0.6390625 0.43828125 0.0359375 0.04453125