1 0.91328125 0.8078125 0.1390625 0.34921875
1 0.7171875 0.46171875 0.08203125 0.34453125
1 0.296875 0.38984375 0.0765625 0.42578125
1 0.05859375 0.4203125 0.1125 0.43046875
1 0.38671875 0.38125 0.06328125 0.41875
1 0.7609375 0.521875 0.08828125 0.33203125
2 0.27734375 0.44609375 0.01953125 0.046875
2 0.03828125 0.47109375 0.02421875 0.046875
2 0.64765625 0.515625 0.05 0.0703125
1 0.84296875 0.7421875 0.13984375 0.43359375
2 0.78828125 0.87578125 0.07734375 0.1015625
1 0.8109375 0.56484375 0.07421875 0.253125
1 0.28515625 0.278125 0.04765625 0.19921875
2 0.7453125 0.84609375 0.02734375 0.075
2 0.6859375 0.50546875 0.0515625 0.13046875
2 0.653125 0.6171875 0.028125 0.04453125
2 0.61484375 0.4984375 0.025 0.0546875
1 0.21484375 0.909375 0.17578125 0.1421875
2 0.678125 0.62109375 0.071875 0.0625
2 0.17890625 0.91796875 0.04765625 0.09765625
1 0.03125 0.30078125 0.0578125 0.19296875
2 0.6390625 0.43828125 0.0359375 0.04375
2 0.77265625 0.80703125 0.0484375 0.08203125
1 0.70078125 0.36328125 0.05 0.196875
2 0.62421875 0.4640625 0.015625 0.034375