1 0.40859375 0.33828125 0.09296875 0.41015625
1 0.31953125 0.3125 0.0796875 0.41796875
1 0.68671875 0.52734375 0.15078125 0.35234375
1 0.08125 0.24375 0.0734375 0.45078125
1 0.7546875 0.76171875 0.196875 0.4546875
2 0.059375 0.28984375 0.0234375 0.0484375
2 0.29375 0.359375 0.02109375 0.04765625
2 0.67890625 0.825 0.03828125 0.09140625
2 0.6578125 0.68671875 0.0609375 0.0953125
2 0.65 0.58359375 0.04375 0.07109375
2 0.70078125 0.946875 0.0671875 0.09921875
1 0.87578125 0.8953125 0.13515625 0.1953125
1 0.3359375 0.2046875 0.05 0.2015625
2 0.678125 0.93125 0.0265625 0.07421875
1 0.15078125 0.80078125 0.1578125 0.1578125
1 0.084375 0.12421875 0.040625 0.203125
2 0.11875 0.784375 0.06875 0.1078125
2 0.6609375 0.78984375 0.025 0.0578125
2 0.7171875 0.9109375 0.046875 0.084375
2 0.62890625 0.67421875 0.028125 0.034375
1 0.42734375 0.22734375 0.05234375 0.18359375
1 0.71796875 0.44765625 0.07734375 0.19140625
2 0.6109375 0.53828125 0.03125 0.0625
2 0.63125 0.5640625 0.0234375 0.0296875
2 0.09609375 0.7984375 0.021875 0.0359375
2 0.64921875 0.4953125 0.02578125 0.04375