0 0.4796875 0.61875 0.93828125 0.31640625
1 0.6328125 0.54375 0.23203125 0.759375
1 0.3625 0.4328125 0.24140625 0.74609375
1 0.3875 0.25703125 0.10078125 0.3109375
2 0.34765625 0.49140625 0.1640625 0.07890625
1 0.659375 0.34609375 0.09375 0.29375
2 0.63125 0.57265625 0.1734375 0.071875
2 0.57265625 0.88203125 0.08984375 0.103125
2 0.30703125 0.74609375 0.07890625 0.11328125
0 0.12890625 0.5265625 0.24765625 0.125
2 0.5796875 0.54921875 0.053125 0.08515625
2 0.39453125 0.49921875 0.0484375 0.0609375