1 0.578125 0.2765625 0.05703125 0.52265625
1 0.80234375 0.2421875 0.09140625 0.484375
1 0.48984375 0.28671875 0.06640625 0.52109375
1 0.31015625 0.31171875 0.07890625 0.53046875
1 0.40078125 0.2984375 0.0671875 0.525
1 0.21484375 0.32109375 0.1 0.5375
1 0.87421875 0.24375 0.109375 0.4828125
1 0.12109375 0.334375 0.11953125 0.540625
1 0.39140625 0.16796875 0.040625 0.26015625
1 0.896875 0.1203125 0.06640625 0.23984375
2 0.49609375 0.36796875 0.0828125 0.10625
1 0.78125 0.41796875 0.04921875 0.1515625
2 0.6015625 0.35625 0.0828125 0.10625
2 0.79921875 0.31484375 0.0828125 0.10625
2 0.89921875 0.309375 0.0828125 0.10625
2 0.403125 0.36953125 0.0828125 0.10625
2 0.31328125 0.38515625 0.0828125 0.10625
2 0.2234375 0.396875 0.0828125 0.10625
2 0.11953125 0.40546875 0.0828125 0.10625