1 0.5203125 0.2875 0.11015625 0.5015625
1 0.25078125 0.23828125 0.06796875 0.4671875
1 0.34140625 0.24765625 0.08671875 0.48671875
1 0.42890625 0.26328125 0.1015625 0.50703125
1 0.6109375 0.31796875 0.125 0.49921875
1 0.834375 0.38828125 0.15625 0.45078125
1 0.15703125 0.2265625 0.0703125 0.44375
1 0.92265625 0.353125 0.134375 0.33515625
2 0.14921875 0.24921875 0.08515625 0.16171875
2 0.2484375 0.2859375 0.08515625 0.16171875
2 0.33828125 0.315625 0.08515625 0.16171875
2 0.4390625 0.33671875 0.08515625 0.16171875
2 0.51796875 0.37734375 0.08515625 0.16171875
2 0.6109375 0.4 0.08515625 0.16171875
2 0.83515625 0.46328125 0.08515625 0.16171875
2 0.9125 0.48984375 0.08515625 0.16171875