1 0.5796875 0.28046875 0.0609375 0.51953125
1 0.8 0.2515625 0.09375 0.4921875
1 0.4875 0.28515625 0.05546875 0.5203125
1 0.39921875 0.29921875 0.0625 0.525
1 0.121875 0.33515625 0.1171875 0.5421875
1 0.87578125 0.24453125 0.11015625 0.484375
1 0.21640625 0.321875 0.0984375 0.53515625
1 0.31015625 0.31015625 0.0765625 0.53203125
2 0.121875 0.41328125 0.08984375 0.12421875
2 0.86953125 0.30234375 0.08984375 0.12421875
2 0.809375 0.321875 0.08984375 0.12421875
2 0.596875 0.359375 0.08984375 0.12421875
2 0.49375 0.3640625 0.08984375 0.12421875
2 0.41015625 0.3671875 0.08984375 0.12421875
2 0.31171875 0.38046875 0.08984375 0.12421875
2 0.21875 0.4015625 0.08984375 0.12421875