1 0.596875 0.2734375 0.0703125 0.534375
1 0.4875 0.275 0.06328125 0.5390625
1 0.1640625 0.30234375 0.11953125 0.590625
1 0.85390625 0.24765625 0.1078125 0.47109375
1 0.3828125 0.2859375 0.0796875 0.56015625
1 0.940625 0.23828125 0.11640625 0.46171875
1 0.06171875 0.3109375 0.11875 0.59609375
1 0.2765625 0.2921875 0.09140625 0.571875
1 0.4875 0.125 0.0421875 0.24375
2 0.51015625 0.3390625 0.11015625 0.159375
2 0.60703125 0.33515625 0.11015625 0.159375
2 0.865625 0.27734375 0.11015625 0.159375
2 0.94453125 0.27109375 0.11015625 0.159375
2 0.2796875 0.36953125 0.11015625 0.159375
2 0.16015625 0.384375 0.11015625 0.159375
2 0.05625 0.38515625 0.11015625 0.159375
2 0.38984375 0.36171875 0.11015625 0.159375