1 0.875 0.24453125 0.1109375 0.48203125
1 0.21484375 0.321875 0.1 0.5359375
1 0.490625 0.2875 0.06171875 0.51796875
1 0.5828125 0.278125 0.06640625 0.515625
1 0.4 0.29921875 0.06484375 0.52421875
1 0.31015625 0.3125 0.07734375 0.528125
1 0.7984375 0.25234375 0.09453125 0.4921875
1 0.12109375 0.33515625 0.11953125 0.53828125
1 0.584375 0.146875 0.03828125 0.259375
2 0.11953125 0.4109375 0.0953125 0.12734375
2 0.21640625 0.4046875 0.08828125 0.11875
2 0.3109375 0.3890625 0.08984375 0.1265625
2 0.40625 0.3734375 0.09453125 0.1125
2 0.49453125 0.36171875 0.0875 0.1265625
2 0.59296875 0.35859375 0.08203125 0.1296875
2 0.8484375 0.30625 0.16171875 0.1109375