1 0.121875 0.33046875 0.11875 0.55703125
1 0.5796875 0.27890625 0.071875 0.52109375
1 0.21796875 0.31875 0.09921875 0.5484375
1 0.309375 0.3078125 0.0828125 0.5359375
1 0.48828125 0.284375 0.06875 0.52109375
1 0.87890625 0.24453125 0.10703125 0.4828125
1 0.3984375 0.29609375 0.07265625 0.53203125
1 0.79375 0.25234375 0.096875 0.4921875
1 0.39375 0.15703125 0.04140625 0.253125
1 0.9 0.11640625 0.0640625 0.2328125
1 0.58671875 0.140625 0.03671875 0.246875
1 0.81796875 0.1203125 0.05546875 0.2359375
1 0.48984375 0.14765625 0.034375 0.2421875
1 0.20078125 0.17578125 0.0609375 0.2625
1 0.09921875 0.1828125 0.06875 0.26640625
2 0.1203125 0.39765625 0.1015625 0.1328125
2 0.2140625 0.3796875 0.1015625 0.1328125
2 0.30703125 0.378125 0.1015625 0.1328125
2 0.3953125 0.36015625 0.1015625 0.1328125
2 0.49765625 0.3578125 0.1015625 0.1328125
2 0.5921875 0.35 0.1015625 0.1328125
2 0.79375 0.303125 0.1015625 0.1328125
2 0.88203125 0.30546875 0.1015625 0.1328125