1 0.94453125 0.24140625 0.1109375 0.46328125
1 0.4890625 0.27890625 0.0828125 0.5515625
1 0.59609375 0.27109375 0.08828125 0.53671875
1 0.85078125 0.25234375 0.1140625 0.4828125
1 0.0625 0.31484375 0.125 0.6046875
1 0.16875 0.3078125 0.12109375 0.60078125
1 0.38203125 0.28671875 0.08359375 0.56484375
1 0.27578125 0.296875 0.1015625 0.58515625
1 0.490625 0.115625 0.04296875 0.2234375
1 0.60234375 0.109375 0.04453125 0.21796875
1 0.37734375 0.12109375 0.05 0.2421875
1 0.14921875 0.134375 0.07421875 0.259375
1 0.2640625 0.12421875 0.0609375 0.24609375
2 0.05703125 0.36796875 0.1140625 0.1640625
2 0.1703125 0.3609375 0.1140625 0.1640625
2 0.275 0.353125 0.1140625 0.1640625
2 0.3828125 0.3390625 0.1140625 0.1640625
2 0.49765625 0.3203125 0.1140625 0.1640625
2 0.609375 0.3171875 0.1140625 0.1640625
2 0.85546875 0.271875 0.1140625 0.1640625
2 0.94296875 0.2734375 0.1140625 0.1640625