1 0.87734375 0.24296875 0.1109375 0.4859375
1 0.57890625 0.27265625 0.07421875 0.51953125
1 0.79609375 0.25390625 0.1 0.49765625
1 0.121875 0.33046875 0.12109375 0.559375
1 0.4890625 0.284375 0.071875 0.528125
1 0.40078125 0.2953125 0.07734375 0.53828125
2 0.3078125 0.3640625 0.08046875 0.1171875
2 0.21796875 0.3796875 0.08515625 0.1328125
1 0.290625 0.15859375 0.03828125 0.25390625
1 0.39375 0.15703125 0.04140625 0.25234375
1 0.20078125 0.17578125 0.06171875 0.26015625
1 0.0984375 0.18359375 0.0671875 0.25859375
2 0.22578125 0.378125 0.08046875 0.1171875
2 0.11953125 0.396875 0.08046875 0.1171875
2 0.39609375 0.36171875 0.08046875 0.1171875
2 0.49453125 0.353125 0.08046875 0.1171875
2 0.59296875 0.346875 0.08046875 0.1171875
2 0.79609375 0.3078125 0.08046875 0.1171875
2 0.88125 0.30703125 0.08046875 0.1171875
1 0.590625 0.13203125 0.03828125 0.25390625