1 0.51953125 0.2875 0.11640625 0.50625
1 0.340625 0.246875 0.0890625 0.48984375
1 0.82890625 0.38828125 0.16484375 0.4578125
1 0.61015625 0.315625 0.13125 0.5015625
1 0.42890625 0.26171875 0.1109375 0.51484375
1 0.25546875 0.14375 0.05859375 0.2875
1 0.15234375 0.23046875 0.0859375 0.45
1 0.9171875 0.38359375 0.1515625 0.39453125
1 0.86484375 0.26796875 0.0859375 0.22578125
1 0.5453125 0.15546875 0.0640625 0.24296875
1 0.45234375 0.1203125 0.05859375 0.234375
1 0.35625 0.11015625 0.059375 0.2203125
2 0.15234375 0.23203125 0.09453125 0.159375
2 0.2421875 0.27265625 0.09453125 0.159375
2 0.3390625 0.30078125 0.09453125 0.159375
2 0.428125 0.328125 0.09453125 0.159375
2 0.5234375 0.3640625 0.09453125 0.159375
2 0.6109375 0.39296875 0.09453125 0.159375
2 0.81875 0.45 0.09453125 0.159375
2 0.90390625 0.475 0.09453125 0.159375