1 0.79609375 0.2546875 0.09921875 0.49453125
1 0.39921875 0.296875 0.0734375 0.53515625
1 0.309375 0.3078125 0.0828125 0.5375
1 0.5796875 0.278125 0.07421875 0.52265625
1 0.12109375 0.3296875 0.1203125 0.5578125
1 0.48984375 0.28671875 0.07109375 0.5234375
1 0.87890625 0.24296875 0.10859375 0.4859375
1 0.21875 0.31875 0.0984375 0.54765625
1 0.39453125 0.15859375 0.04296875 0.2515625
1 0.58671875 0.140625 0.0375 0.24375
1 0.48984375 0.14765625 0.03515625 0.23828125
1 0.20078125 0.17421875 0.0609375 0.2578125
1 0.90078125 0.11640625 0.0640625 0.2328125
1 0.1 0.18203125 0.0703125 0.2640625
2 0.11875 0.3875 0.1046875 0.14375
2 0.22265625 0.384375 0.1046875 0.14375
2 0.30625 0.37109375 0.1046875 0.14375
2 0.40546875 0.36015625 0.1046875 0.14375
2 0.4984375 0.3609375 0.1046875 0.14375
2 0.590625 0.353125 0.1046875 0.14375
2 0.79140625 0.32265625 0.1046875 0.14375
2 0.89140625 0.3125 0.1046875 0.14375