1 0.69609375 0.390625 0.071875 0.41875
1 0.62421875 0.359375 0.06171875 0.4046875
1 0.56796875 0.32109375 0.05 0.39375
1 0.92734375 0.49765625 0.14140625 0.53984375
1 0.51953125 0.28984375 0.04375 0.38046875
1 0.425 0.23203125 0.04375 0.35625
1 0.328125 0.171875 0.0453125 0.33046875
1 0.28984375 0.153125 0.0484375 0.30546875
1 0.4703125 0.2578125 0.04375 0.365625
1 0.3734375 0.2 0.04375 0.33671875
1 0.26171875 0.14296875 0.0453125 0.2859375
1 0.20703125 0.1203125 0.04921875 0.240625
1 0.17421875 0.11015625 0.0515625 0.2203125