1 0.7296875 0.37109375 0.0859375 0.4984375
1 0.65 0.33046875 0.0703125 0.475
1 0.58046875 0.2875 0.06015625 0.45859375
1 0.41328125 0.1921875 0.0453125 0.37734375
1 0.52265625 0.2484375 0.05546875 0.4375
1 0.46640625 0.21640625 0.053125 0.41328125
1 0.9578125 0.59375 0.08359375 0.44453125
1 0.34921875 0.17265625 0.05859375 0.34453125
1 0.2984375 0.153125 0.0546875 0.30078125
1 0.22578125 0.12890625 0.05078125 0.25703125
1 0.25703125 0.140625 0.05390625 0.28125
1 0.1265625 0.08515625 0.05078125 0.16796875
1 0.1890625 0.1078125 0.05625 0.215625
2 0.10859375 0.0328125 0.040625 0.065625