1 0.6953125 0.3921875 0.07265625 0.42265625
1 0.56796875 0.3234375 0.04765625 0.396875
1 0.37265625 0.2015625 0.04296875 0.3484375
1 0.9265625 0.48046875 0.13203125 0.503125
1 0.51953125 0.290625 0.0453125 0.384375
1 0.4265625 0.22890625 0.04140625 0.35625
1 0.26171875 0.1390625 0.04375 0.275
1 0.290625 0.1546875 0.04765625 0.30703125
1 0.328125 0.17265625 0.04609375 0.33203125
1 0.62578125 0.3546875 0.06171875 0.40703125
1 0.47109375 0.2578125 0.04296875 0.36875
1 0.1765625 0.11015625 0.05 0.2203125
1 0.20703125 0.11796875 0.04296875 0.23515625