1 0.62578125 0.35625 0.0609375 0.409375
1 0.69609375 0.390625 0.07265625 0.42265625
1 0.56875 0.32109375 0.05 0.39609375
1 0.3734375 0.20078125 0.0421875 0.3453125
1 0.42578125 0.22734375 0.03828125 0.3578125
1 0.925 0.47890625 0.13515625 0.50078125
1 0.471875 0.25703125 0.04609375 0.3734375
1 0.3265625 0.1703125 0.04296875 0.32421875
1 0.2640625 0.1421875 0.0359375 0.28359375
1 0.51875 0.2890625 0.04609375 0.38515625
1 0.28828125 0.14921875 0.04765625 0.2984375
1 0.175 0.11015625 0.05 0.2203125
1 0.2109375 0.11875 0.04609375 0.2375