1 0.3109375 0.3265625 0.11875 0.56796875
1 0.39921875 0.36484375 0.1234375 0.571875
1 0.490625 0.4046875 0.13515625 0.578125
1 0.846875 0.56484375 0.21015625 0.59375
1 0.57421875 0.44453125 0.146875 0.59140625
1 0.65859375 0.48828125 0.1640625 0.60546875
1 0.778125 0.43203125 0.13984375 0.41328125
1 0.90234375 0.40546875 0.10859375 0.27421875
1 0.69609375 0.31875 0.09296875 0.2671875
1 0.52265625 0.23984375 0.075 0.253125
1 0.61015625 0.28046875 0.0859375 0.26875
1 0.34296875 0.1671875 0.06171875 0.2609375
2 0.27890625 0.3640625 0.09921875 0.1515625
2 0.3796875 0.41484375 0.08671875 0.14453125
2 0.46796875 0.465625 0.0828125 0.16484375
2 0.56015625 0.50703125 0.08359375 0.13984375
2 0.6515625 0.54296875 0.0984375 0.16875
2 0.75859375 0.59453125 0.09296875 0.12890625
2 0.86953125 0.6265625 0.10625 0.128125