1 0.378125 0.40546875 0.06953125 0.5765625
1 0.559375 0.41640625 0.06171875 0.590625
1 0.7484375 0.43046875 0.090625 0.6125
1 0.853125 0.43515625 0.109375 0.62421875
1 0.28671875 0.40390625 0.08984375 0.57578125
1 0.47265625 0.41171875 0.06328125 0.584375
1 0.6484375 0.41953125 0.07265625 0.603125
1 0.5671875 0.24296875 0.0421875 0.25390625
1 0.378125 0.23984375 0.046875 0.25546875
1 0.76015625 0.25078125 0.06015625 0.2640625
1 0.47578125 0.240625 0.04296875 0.2546875
2 0.359375 0.46875 0.27578125 0.1296875
2 0.559375 0.48671875 0.0890625 0.1390625
2 0.77109375 0.4859375 0.31015625 0.13046875