1 0.46796875 0.41015625 0.07109375 0.5875
1 0.653125 0.41953125 0.07734375 0.60625
1 0.55390625 0.41328125 0.0703125 0.59296875
1 0.37578125 0.41015625 0.075 0.58828125
1 0.85234375 0.4359375 0.1125 0.62421875
1 0.7484375 0.428125 0.09140625 0.61640625
1 0.27890625 0.4015625 0.1015625 0.57265625
1 0.475 0.2421875 0.04296875 0.25703125
1 0.5671875 0.24375 0.04140625 0.2578125
1 0.378125 0.240625 0.046875 0.25546875
1 0.6578125 0.2484375 0.04921875 0.26171875
1 0.7609375 0.25078125 0.05859375 0.2640625
1 0.2875 0.2375 0.053125 0.25078125
1 0.8703125 0.25234375 0.06640625 0.26796875
2 0.2640625 0.45546875 0.08671875 0.1171875
2 0.36328125 0.46640625 0.090625 0.1203125
2 0.4625 0.46640625 0.0921875 0.12421875
2 0.55546875 0.478125 0.10390625 0.13359375
2 0.65390625 0.4796875 0.10625 0.125
2 0.765625 0.46796875 0.0953125 0.1734375
2 0.87265625 0.46953125 0.11171875 0.165625