1 0.4703125 0.41015625 0.06640625 0.5828125
1 0.378125 0.41015625 0.06875 0.58046875
1 0.65390625 0.421875 0.07109375 0.60390625
1 0.2875 0.40546875 0.08828125 0.57578125
1 0.85234375 0.4359375 0.1078125 0.62265625
1 0.55703125 0.415625 0.06328125 0.59140625
1 0.74921875 0.428125 0.0890625 0.6125
1 0.5671875 0.2453125 0.0421875 0.25859375
1 0.7609375 0.24921875 0.05703125 0.26171875
1 0.47578125 0.240625 0.0421875 0.25390625
1 0.378125 0.23984375 0.046875 0.25546875
2 0.65703125 0.48671875 0.10390625 0.11640625
2 0.75703125 0.4890625 0.10390625 0.11640625
2 0.87265625 0.49140625 0.10390625 0.11640625
2 0.5546875 0.4765625 0.10390625 0.11640625
2 0.46640625 0.46796875 0.10390625 0.11640625
2 0.36484375 0.45859375 0.10390625 0.11640625
2 0.2625 0.4546875 0.10390625 0.11640625