1 0.4640625 0.39375 0.0828125 0.684375
1 0.25078125 0.3875 0.09921875 0.6734375
1 0.35546875 0.39140625 0.0828125 0.6828125
1 0.57109375 0.40234375 0.0734375 0.696875
1 0.678125 0.409375 0.08671875 0.71015625
1 0.79609375 0.4140625 0.10703125 0.715625
1 0.91484375 0.425 0.128125 0.7296875
1 0.58046875 0.196875 0.05 0.30390625
1 0.25234375 0.20078125 0.06484375 0.32265625
1 0.471875 0.1953125 0.05 0.30390625
2 0.690625 0.4484375 0.0875 0.2140625
2 0.36171875 0.35859375 0.06640625 0.06953125
2 0.8125 0.45390625 0.1046875 0.22109375
2 0.23359375 0.44140625 0.0953125 0.14296875
2 0.46171875 0.45703125 0.0953125 0.165625
2 0.5734375 0.45703125 0.09765625 0.18046875
2 0.9453125 0.4671875 0.0875 0.2140625
2 0.34921875 0.44765625 0.0875 0.2140625