1 0.1296875 0.40703125 0.1578125 0.69765625
1 0.3109375 0.4046875 0.1796875 0.6875
1 0.64609375 0.39296875 0.2046875 0.675
1 0.471875 0.3984375 0.184375 0.68515625
1 0.8171875 0.39453125 0.24140625 0.675
2 0.07421875 0.65078125 0.05078125 0.078125
1 0.5015625 0.21484375 0.10859375 0.328125
1 0.334375 0.21328125 0.09453125 0.321875
1 0.15078125 0.2171875 0.08203125 0.32890625
1 0.865625 0.2078125 0.1265625 0.3234375
2 0.43359375 0.37109375 0.02578125 0.028125
1 0.6859375 0.21171875 0.12109375 0.3265625
2 0.0859375 0.375 0.028125 0.0328125
2 0.61015625 0.3703125 0.02578125 0.02890625
2 0.26171875 0.378125 0.02890625 0.03203125
2 0.26796875 0.42578125 0.040625 0.0796875
2 0.25703125 0.6421875 0.10078125 0.0875
2 0.16171875 0.47265625 0.1671875 0.13125
2 0.3390625 0.45703125 0.15703125 0.11484375
2 0.509375 0.46328125 0.1609375 0.1203125
2 0.66875 0.42734375 0.19375 0.15234375
2 0.40234375 0.63359375 0.07734375 0.0890625
2 0.8421875 0.4234375 0.171875 0.1734375
2 0.56953125 0.615625 0.08984375 0.08671875
2 0.9140625 0.60625 0.128125 0.084375
2 0.7375 0.6125 0.0921875 0.09453125