1 0.496875 0.39453125 0.33359375 0.66328125
1 0.1703125 0.31875 0.2984375 0.625
1 0.83203125 0.49453125 0.3265625 0.665625
2 0.0484375 0.52890625 0.059375 0.0796875
1 0.7125 0.3328125 0.27265625 0.44609375
1 0.3859375 0.215625 0.2203125 0.3890625
1 0.2375 0.1421875 0.1390625 0.28125
2 0.13125 0.26640625 0.02734375 0.0328125
1 0.57734375 0.21953125 0.17109375 0.3140625
1 0.0921875 0.528125 0.13125 0.234375
2 0.17421875 0.3859375 0.17109375 0.1421875
1 0.42265625 0.60859375 0.1484375 0.234375
1 0.91875 0.31171875 0.16015625 0.30859375
1 0.74453125 0.68515625 0.16640625 0.22734375
2 0.3453125 0.4171875 0.17109375 0.1421875
2 0.5203125 0.46328125 0.17109375 0.1421875
2 0.69609375 0.48125 0.17109375 0.1421875
2 0.8546875 0.5125 0.17109375 0.1421875
2 0.06328125 0.51796875 0.0984375 0.1203125
2 0.225 0.55546875 0.08515625 0.0890625
2 0.3765625 0.590625 0.08515625 0.11640625
2 0.534375 0.63359375 0.09453125 0.10703125
2 0.7 0.66875 0.10234375 0.09375
2 0.87109375 0.709375 0.115625 0.11015625