2 0.29765625 0.43671875 0.18671875 0.178125
2 0.7125 0.4296875 0.1671875 0.15
2 0.5046875 0.43671875 0.18359375 0.1625
2 0.09140625 0.4421875 0.17734375 0.18359375
2 0.909375 0.42578125 0.16328125 0.13671875
2 0.8703125 0.3796875 0.11875 0.115625
2 0.38828125 0.66015625 0.07421875 0.09375
2 0.5890625 0.6484375 0.08046875 0.0921875
2 0.20390625 0.6703125 0.06171875 0.09140625
2 0.77734375 0.6421875 0.08125 0.0875
2 0.2328125 0.70234375 0.1171875 0.18359375
1 0.503125 0.1828125 0.1296875 0.36015625
2 0.965625 0.63515625 0.06640625 0.084375
1 0.30078125 0.18515625 0.1234375 0.3625
2 0.6421875 0.38515625 0.0625 0.11015625
2 0.42890625 0.390625 0.0515625 0.109375
2 0.04140625 0.67109375 0.0828125 0.10625
2 0.22265625 0.353125 0.03046875 0.0328125
1 0.0859375 0.1859375 0.10234375 0.36640625
2 0.0140625 0.67421875 0.02734375 0.06328125
2 0.82890625 0.340625 0.03515625 0.03515625
2 0.421875 0.35078125 0.03125 0.03125
2 0.02265625 0.4140625 0.04453125 0.10390625
2 0.63046875 0.34765625 0.03203125 0.0328125
2 0.015625 0.353125 0.0296875 0.0390625
2 0.66328125 0.5 0.10078125 0.075
1 0.82890625 0.6328125 0.140625 0.2671875
2 0.4609375 0.50546875 0.10234375 0.0703125
2 0.83515625 0.39453125 0.04765625 0.07578125
2 0.8625 0.49140625 0.10390625 0.06953125
1 0.4390625 0.65 0.10703125 0.25078125
1 0.62734375 0.63125 0.16640625 0.303125