1 0.31328125 0.40234375 0.1765625 0.69296875
1 0.1375 0.403125 0.16015625 0.6953125
1 0.47578125 0.396875 0.18359375 0.68984375
1 0.65 0.396875 0.21953125 0.6828125
1 0.82109375 0.3875 0.21875 0.671875
2 0.07421875 0.6515625 0.046875 0.0734375
1 0.3328125 0.215625 0.10390625 0.33125
2 0.0859375 0.37578125 0.02890625 0.034375
2 0.95625 0.3703125 0.034375 0.0359375
2 0.4328125 0.37265625 0.02734375 0.02890625
1 0.6859375 0.21015625 0.12109375 0.32421875
2 0.26328125 0.3734375 0.02578125 0.0265625
1 0.15078125 0.21796875 0.08671875 0.3296875
2 0.61015625 0.36875 0.0265625 0.0265625
2 0.09375 0.42578125 0.040625 0.0875
1 0.50546875 0.2125 0.10390625 0.3234375
2 0.86640625 0.44609375 0.1859375 0.1328125
2 0.68125 0.44453125 0.1484375 0.14609375
2 0.2375 0.63984375 0.0640625 0.09453125
2 0.33828125 0.45625 0.1546875 0.1203125
2 0.15390625 0.45625 0.1796875 0.140625
2 0.50546875 0.44453125 0.16328125 0.15078125
2 0.56484375 0.6265625 0.07265625 0.1
2 0.40078125 0.63671875 0.08515625 0.0921875
2 0.725 0.61640625 0.09140625 0.10546875
2 0.90078125 0.60703125 0.0875 0.090625