1 0.4703125 0.40234375 0.1953125 0.68984375
1 0.309375 0.40390625 0.17578125 0.68984375
2 0.1515625 0.4515625 0.1578125 0.16484375
1 0.81796875 0.3921875 0.23515625 0.675
2 0.6484375 0.4046875 0.109375 0.10078125
2 0.884375 0.45 0.19609375 0.121875
2 0.075 0.6515625 0.05078125 0.07578125
2 0.6984375 0.44765625 0.11953125 0.115625
2 0.2453125 0.64453125 0.05234375 0.078125
2 0.78515625 0.409375 0.04453125 0.06328125
2 0.10234375 0.665625 0.1046875 0.17578125
1 0.503125 0.21328125 0.10859375 0.3234375
1 0.33203125 0.21328125 0.103125 0.3234375
1 0.15 0.21015625 0.0859375 0.31953125
2 0.0953125 0.41796875 0.04375 0.0984375
2 0.08515625 0.37578125 0.028125 0.034375
2 0.26328125 0.37265625 0.0265625 0.02734375
2 0.434375 0.3703125 0.02578125 0.0265625
1 0.86484375 0.20625 0.12734375 0.32265625
2 0.775 0.3640625 0.02578125 0.02890625
2 0.61015625 0.36953125 0.0265625 0.02734375
2 0.81328125 0.37109375 0.0953125 0.05
2 0.6375 0.496875 0.0859375 0.06796875
2 0.69609375 0.45390625 0.19609375 0.121875
2 0.50078125 0.45390625 0.19609375 0.121875
2 0.34375 0.45 0.19609375 0.121875
2 0.16484375 0.46328125 0.19609375 0.121875
2 0.25546875 0.65234375 0.1046875 0.17578125
2 0.4171875 0.6484375 0.1046875 0.17578125
2 0.58671875 0.6296875 0.1046875 0.17578125
2 0.74375 0.63125 0.1046875 0.17578125
2 0.90390625 0.6296875 0.1046875 0.17578125