1 0.4421875 0.815625 0.21796875 0.35625
1 0.5828125 0.7546875 0.15703125 0.465625
2 0.60078125 0.6 0.12578125 0.1078125
1 0.14609375 0.584375 0.2875 0.66328125
1 0.42109375 0.65234375 0.17265625 0.271875
1 0.903125 0.80234375 0.084375 0.303125
0 0.828125 0.590625 0.32421875 0.08046875
2 0.29296875 0.83359375 0.5515625 0.18046875
1 0.35859375 0.40078125 0.13671875 0.3171875
0 0.51171875 0.65546875 0.95703125 0.27109375
2 0.27421875 0.26796875 0.10703125 0.08828125
2 0.365625 0.29140625 0.1078125 0.09921875