2 0.1109375 0.56171875 0.22109375 0.21953125
0 0.87109375 0.69453125 0.24453125 0.6109375
2 0.575 0.15625 0.253125 0.17578125
2 0.11015625 0.6921875 0.20546875 0.17578125
1 0.41953125 0.753125 0.51171875 0.47421875
2 0.1140625 0.3265625 0.209375 0.26015625
2 0.2484375 0.44375 0.22109375 0.19375
2 0.328125 0.31796875 0.21484375 0.16953125
2 0.54375 0.36328125 0.1546875 0.12734375
2 0.64765625 0.31796875 0.15703125 0.11875
2 0.3796875 0.2265625 0.2375 0.1734375
2 0.740625 0.19140625 0.1953125 0.140625