0 0.58515625 0.4984375 0.5375 0.95625
2 0.4484375 0.15234375 0.240625 0.18828125
2 0.1875 0.11484375 0.34140625 0.2171875
1 0.86171875 0.2390625 0.125 0.4640625
2 0.5890625 0.28359375 0.16640625 0.1375
2 0.17265625 0.75703125 0.20390625 0.196875
2 0.49609375 0.3625 0.15625 0.12890625
2 0.121875 0.6375 0.23125 0.23828125
2 0.27109375 0.35390625 0.21484375 0.16171875
2 0.08515625 0.4140625 0.16640625 0.26328125
2 0.2125 0.503125 0.24765625 0.1828125
2 0.29296875 0.25390625 0.240625 0.1640625
0 0.94296875 0.24921875 0.1015625 0.4984375
0 0.57421875 0.0671875 0.35625 0.12890625