0 0.1078125 0.875 0.07421875 0.2484375
1 0.0390625 0.64375 0.07265625 0.6390625
0 0.4984375 0.36640625 0.90078125 0.16640625
0 0.615625 0.746875 0.71015625 0.0890625
0 0.6515625 0.90234375 0.59453125 0.1046875
0 0.57578125 0.56171875 0.80078125 0.1109375
1 0.690625 0.14375 0.04140625 0.2859375
1 0.46640625 0.13125 0.0390625 0.2515625
0 0.1796875 0.1421875 0.0625 0.28203125
2 0.82890625 0.8390625 0.1171875 0.0609375
0 0.5671875 0.63046875 0.70234375 0.0703125
0 0.6578125 0.2609375 0.57734375 0.11953125
1 0.82421875 0.1578125 0.040625 0.30703125
1 0.11015625 0.284375 0.08515625 0.56875
0 0.17734375 0.4765625 0.07109375 0.95234375
0 0.76875 0.240625 0.46171875 0.0328125
2 0.36171875 0.55078125 0.18359375 0.1359375