0 0.48828125 0.559375 0.97109375 0.45859375
0 0.7859375 0.3609375 0.40859375 0.10859375
0 0.75 0.23515625 0.446875 0.0578125
1 0.34765625 0.23984375 0.1015625 0.4796875
1 0.71640625 0.17734375 0.040625 0.3296875
1 0.09765625 0.29296875 0.19296875 0.584375
1 0.5796875 0.18125 0.04609375 0.359375
1 0.5234375 0.2109375 0.05390625 0.41328125
1 0.6609375 0.1203125 0.0453125 0.2296875
1 0.81875 0.1703125 0.03515625 0.30625
0 0.75859375 0.45 0.47578125 0.21640625
0 0.7921875 0.06640625 0.39453125 0.13203125
1 0.75 0.178125 0.0328125 0.321875
2 0.58359375 0.4 0.08125 0.090625
1 0.840625 0.171875 0.02890625 0.2921875
1 0.23984375 0.2640625 0.13515625 0.5203125
2 0.91953125 0.3078125 0.0265625 0.03125
2 0.371875 0.45390625 0.2171875 0.1171875
1 0.534375 0.86796875 0.39609375 0.253125
2 0.73359375 0.034375 0.10859375 0.06875