1 0.215625 0.2734375 0.2625 0.53359375
1 0.8703125 0.78984375 0.178125 0.40078125
0 0.53203125 0.6640625 0.9203125 0.18515625
1 0.65390625 0.85859375 0.0953125 0.2765625
0 0.11484375 0.18671875 0.2203125 0.09375
1 0.33515625 0.8546875 0.10234375 0.2734375
1 0.23125 0.85390625 0.103125 0.27578125
1 0.7359375 0.82578125 0.178125 0.3484375
2 0.5265625 0.45390625 0.25546875 0.26171875
2 0.5203125 0.1984375 0.2421875 0.27265625
1 0.546875 0.8546875 0.09453125 0.275
2 0.79609375 0.43984375 0.29921875 0.26796875
1 0.134375 0.853125 0.10390625 0.2765625
0 0.33046875 0.1078125 0.03671875 0.203125
0 0.92890625 0.1296875 0.03984375 0.25234375
1 0.95390625 0.24296875 0.0796875 0.4671875