1 0.6765625 0.16015625 0.034375 0.28203125
1 0.71484375 0.1421875 0.05390625 0.2328125
0 0.33984375 0.690625 0.38671875 0.0890625
0 0.7453125 0.43515625 0.48359375 0.18125
0 0.40703125 0.30703125 0.02890625 0.0859375
1 0.73515625 0.821875 0.3828125 0.33046875
2 0.61484375 0.58359375 0.18203125 0.10703125
0 0.5234375 0.25703125 0.21953125 0.0484375
1 0.57734375 0.65234375 0.121875 0.18515625
0 0.43359375 0.5953125 0.17734375 0.0484375
1 0.7515625 0.64140625 0.1703125 0.2390625
2 0.553125 0.5890625 0.0765625 0.0703125
1 0.2734375 0.809375 0.33125 0.353125
2 0.14375 0.56875 0.0875 0.0625
2 0.471875 0.51875 0.10234375 0.10078125