1 0.1109375 0.87421875 0.07890625 0.2515625
1 0.6859375 0.146875 0.046875 0.28984375
1 0.2140625 0.49296875 0.371875 0.93046875
1 0.034375 0.53515625 0.06796875 0.928125
0 0.5015625 0.5921875 0.9015625 0.24375
1 0.178125 0.26953125 0.0671875 0.53359375
0 0.63828125 0.2625 0.675 0.0875
0 0.49140625 0.3109375 0.93828125 0.30078125
1 0.81875 0.2546875 0.05 0.5015625
1 0.46640625 0.14609375 0.05078125 0.284375
0 0.684375 0.9015625 0.5875 0.1046875
2 0.8015625 0.83671875 0.1578125 0.075
2 0.43515625 0.30703125 0.12109375 0.03515625
2 0.66875 0.8359375 0.09609375 0.04921875