0 0.49765625 0.6703125 0.965625 0.18671875
1 0.9328125 0.80078125 0.13359375 0.37109375
1 0.43203125 0.87578125 0.11875 0.2359375
1 0.55546875 0.878125 0.1171875 0.234375
1 0.171875 0.30546875 0.3140625 0.58359375
1 0.68125 0.878125 0.1203125 0.240625
1 0.18359375 0.87578125 0.12265625 0.23828125
1 0.30546875 0.87578125 0.12265625 0.23671875
2 0.53984375 0.4484375 0.32109375 0.32109375
1 0.06953125 0.87421875 0.1234375 0.240625
2 0.83671875 0.434375 0.325 0.3359375
2 0.5265625 0.153125 0.2984375 0.3046875
2 0.803125 0.14453125 0.303125 0.28046875
1 0.81171875 0.91875 0.1328125 0.1546875