0 0.51484375 0.7234375 0.8859375 0.18671875
0 0.30859375 0.7203125 0.47890625 0.10078125
0 0.74765625 0.14609375 0.0578125 0.2875
0 0.390625 0.27734375 0.034375 0.103125
1 0.6703125 0.8 0.29296875 0.36640625
0 0.7109375 0.13984375 0.04765625 0.27265625
0 0.540625 0.20078125 0.30234375 0.09765625
0 0.7671875 0.46875 0.44375 0.1296875
1 0.22578125 0.82109375 0.38984375 0.3328125
0 0.20234375 0.5671875 0.39921875 0.15
2 0.7515625 0.59375 0.28359375 0.140625
2 0.0734375 0.58125 0.13125 0.08125
2 0.565625 0.60625 0.0921875 0.08203125
0 0.740625 0.38203125 0.0890625 0.7640625