1 0.2109375 0.28203125 0.2671875 0.5515625
0 0.51328125 0.64921875 0.94609375 0.1609375
1 0.334375 0.8546875 0.1046875 0.27421875
1 0.865625 0.78828125 0.1921875 0.40703125
1 0.23203125 0.85546875 0.1046875 0.27578125
1 0.6515625 0.85703125 0.096875 0.2765625
1 0.74140625 0.828125 0.16953125 0.3421875
1 0.13515625 0.85390625 0.1046875 0.278125
2 0.79296875 0.4421875 0.3015625 0.2765625
2 0.52734375 0.45390625 0.25625 0.265625
1 0.4421875 0.85625 0.096875 0.275
2 0.521875 0.1984375 0.24296875 0.278125
2 0.04375 0.18515625 0.0859375 0.1109375
1 0.546875 0.85625 0.09609375 0.2796875
0 0.465625 0.75390625 0.93046875 0.09765625
2 0.75859375 0.178125 0.26796875 0.29453125
0 0.33125 0.1046875 0.03984375 0.1984375
1 0.04921875 0.85625 0.09296875 0.27734375
2 0.05234375 0.403125 0.1 0.0875