0 0.46171875 0.5765625 0.92265625 0.33515625
1 0.7828125 0.8234375 0.1859375 0.334375
1 0.27890625 0.25 0.33671875 0.4859375
1 0.35859375 0.83125 0.15546875 0.28203125
1 0.6515625 0.85 0.1546875 0.29609375
2 0.54765625 0.4671875 0.26328125 0.2703125
2 0.59921875 0.21796875 0.253125 0.2765625
2 0.13984375 0.075 0.0921875 0.1
2 0.83125 0.2484375 0.26875 0.27421875
1 0.553125 0.865625 0.14765625 0.2578125
0 0.215625 0.08359375 0.2296875 0.13046875
2 0.06875 0.2859375 0.07109375 0.10703125
0 0.21640625 0.19921875 0.325 0.12265625
0 0.7609375 0.11484375 0.10234375 0.1390625
1 0.45703125 0.853125 0.15234375 0.27421875