1 0.03515625 0.590625 0.0703125 0.81875
1 0.1125 0.6390625 0.08828125 0.6875
1 0.6859375 0.14296875 0.04375 0.28046875
0 0.6140625 0.74453125 0.72578125 0.0890625
1 0.178125 0.26484375 0.0671875 0.525
1 0.11171875 0.2890625 0.07578125 0.578125
1 0.81953125 0.1609375 0.03984375 0.31953125
0 0.6234375 0.62421875 0.728125 0.06328125
0 0.659375 0.9046875 0.596875 0.09765625
2 0.79453125 0.83515625 0.18671875 0.075
0 0.49453125 0.33046875 0.93828125 0.246875
0 0.61015625 0.553125 0.73828125 0.109375
0 0.73203125 0.30703125 0.5359375 0.0421875
1 0.4671875 0.22421875 0.05390625 0.115625
0 0.73203125 0.24140625 0.5359375 0.0421875
0 0.5984375 0.6734375 0.74296875 0.03671875
1 0.88984375 0.7421875 0.1875 0.45546875
2 0.3625 0.5484375 0.20625 0.13125
2 0.40546875 0.30703125 0.0921875 0.0375
1 0.17265625 0.82734375 0.2640625 0.3296875