1 0.659375 0.11484375 0.0515625 0.22890625
0 0.50625 0.56328125 0.97890625 0.49375
1 0.46171875 0.14140625 0.0578125 0.27578125
0 0.58046875 0.1921875 0.0453125 0.384375
1 0.5234375 0.21015625 0.05078125 0.415625
1 0.3421875 0.1921875 0.08359375 0.37890625
1 0.12109375 0.2921875 0.1859375 0.584375
0 0.7171875 0.175 0.040625 0.32109375
0 0.74609375 0.23359375 0.465625 0.05703125
1 0.8234375 0.1546875 0.03203125 0.246875
0 0.63359375 0.178125 0.02890625 0.35234375
0 0.7375 0.425 0.50234375 0.23046875
0 0.753125 0.16640625 0.03359375 0.31953125
2 0.9203125 0.30859375 0.028125 0.0328125
2 0.58671875 0.37734375 0.065625 0.05546875
0 0.7828125 0.1625 0.0359375 0.32109375
0 0.5234375 0.0578125 0.0515625 0.1125
1 0.47890625 0.38203125 0.05234375 0.17265625
0 0.24453125 0.58359375 0.35703125 0.16640625
0 0.42109375 0.221875 0.05 0.434375
0 0.68671875 0.1875 0.0203125 0.2921875
2 0.45 0.528125 0.2578125 0.12265625
0 0.01953125 0.2328125 0.0390625 0.465625
0 0.8 0.078125 0.3984375 0.1515625
2 0.57109375 0.403125 0.140625 0.0921875
0 0.83984375 0.1703125 0.02578125 0.29609375