1 0.10859375 0.2921875 0.203125 0.57109375
0 0.78359375 0.36015625 0.41953125 0.115625
0 0.5265625 0.5765625 0.94609375 0.46875
0 0.815625 0.19765625 0.03203125 0.2609375
1 0.2734375 0.26875 0.19296875 0.5125
0 0.7515625 0.23359375 0.44609375 0.065625
0 0.659375 0.11328125 0.04296875 0.2125
1 0.440625 0.23984375 0.12265625 0.45
1 0.5796875 0.1859375 0.0453125 0.365625
0 0.784375 0.07734375 0.415625 0.1515625
0 0.83828125 0.19921875 0.025 0.2375
0 0.7171875 0.1828125 0.04140625 0.3453125
2 0.58671875 0.3984375 0.0859375 0.0921875
0 0.75078125 0.1828125 0.0328125 0.30625
2 0.73515625 0.0359375 0.115625 0.07109375
0 0.6296875 0.19140625 0.02734375 0.3296875