1 0.16953125 0.49921875 0.3265625 0.9671875
1 0.7203125 0.12734375 0.0546875 0.25390625
1 0.04296875 0.89765625 0.0859375 0.2015625
1 0.0453125 0.32421875 0.0875 0.6484375
1 0.46015625 0.125 0.0546875 0.246875
1 0.88046875 0.2625 0.0515625 0.51796875
1 0.121875 0.271875 0.07890625 0.52421875
0 0.6390625 0.2109375 0.703125 0.09296875
0 0.49453125 0.30078125 0.9765625 0.27890625
0 0.52578125 0.57890625 0.93515625 0.1765625
0 0.58203125 0.7875 0.75234375 0.09765625
2 0.38046875 0.5625 0.19375 0.134375
0 0.66796875 0.27265625 0.659375 0.053125
2 0.8640625 0.89375 0.22734375 0.08125
0 0.6578125 0.934375 0.6109375 0.11328125