1 0.08125 0.30234375 0.14140625 0.59140625
0 0.8734375 0.14609375 0.04140625 0.2828125
0 0.48984375 0.52734375 0.96953125 0.40234375
1 0.5296875 0.20390625 0.0625 0.39609375
0 0.759375 0.1875 0.46328125 0.07109375
1 0.24609375 0.26953125 0.2359375 0.5328125
1 0.59296875 0.165625 0.05234375 0.325
0 0.7546875 0.15859375 0.04453125 0.3140625
0 0.7171875 0.42890625 0.53203125 0.16875
0 0.7875 0.3421875 0.39453125 0.10859375
1 0.68828125 0.1625 0.04609375 0.321875
0 0.89921875 0.15078125 0.03046875 0.2625
2 0.6078125 0.36015625 0.065625 0.06171875
0 0.82734375 0.14453125 0.03359375 0.28515625
1 0.65234375 0.16484375 0.03203125 0.315625
0 0.79375 0.15078125 0.03515625 0.296875
0 0.45625 0.15546875 0.06796875 0.30625
0 0.94453125 0.15703125 0.025 0.25390625
0 0.92421875 0.15859375 0.028125 0.23828125
0 0.9265625 0.034375 0.14375 0.06875
2 0.9875 0.27421875 0.025 0.03125
1 0.5953125 0.890625 0.3453125 0.2046875