0 0.28359375 0.575 0.46640625 0.090625
1 0.715625 0.14375 0.05390625 0.24140625
0 0.56484375 0.675 0.628125 0.140625
1 0.6765625 0.15859375 0.03515625 0.2421875
0 0.32734375 0.68828125 0.3984375 0.08203125
0 0.746875 0.45078125 0.48515625 0.15
0 0.40703125 0.3109375 0.02890625 0.08671875
1 0.228125 0.81171875 0.40078125 0.353125
1 0.7328125 0.8234375 0.38203125 0.33671875
1 0.7359375 0.6453125 0.21796875 0.24453125
2 0.1390625 0.56953125 0.090625 0.0640625
2 0.47109375 0.5203125 0.1015625 0.1
0 0.51015625 0.2546875 0.215625 0.05234375
1 0.14140625 0.6421875 0.17421875 0.2265625