1 0.2171875 0.28515625 0.26015625 0.54921875
0 0.48125 0.55703125 0.9625 0.20234375
0 0.50859375 0.66875 0.9359375 0.18984375
1 0.8609375 0.78984375 0.1953125 0.40546875
1 0.653125 0.8578125 0.1 0.27890625
1 0.3359375 0.85625 0.10234375 0.2734375
1 0.4421875 0.85546875 0.09921875 0.275
0 0.11796875 0.18671875 0.221875 0.09296875
2 0.7953125 0.44296875 0.29453125 0.278125
1 0.23203125 0.85546875 0.10390625 0.27578125
2 0.5171875 0.1984375 0.2453125 0.275
1 0.7390625 0.82734375 0.17421875 0.3453125
2 0.76015625 0.1734375 0.2578125 0.28515625
0 0.3296875 0.1265625 0.04609375 0.24375
1 0.13671875 0.85625 0.10625 0.27578125
1 0.546875 0.8578125 0.09921875 0.278125
1 0.953125 0.2484375 0.08125 0.478125