1 0.678125 0.153125 0.03359375 0.28359375
1 0.715625 0.1421875 0.05625 0.27890625
0 0.2546875 0.584375 0.4578125 0.15234375
0 0.74140625 0.4640625 0.46953125 0.11484375
0 0.4078125 0.31015625 0.02890625 0.08515625
0 0.5546875 0.23984375 0.2015625 0.0796875
1 0.73125 0.8234375 0.37265625 0.33203125
1 0.28515625 0.8078125 0.31171875 0.35390625
2 0.71171875 0.578125 0.22265625 0.11796875
2 0.5828125 0.6984375 0.103125 0.10859375
0 0.47578125 0.28203125 0.17734375 0.11953125
2 0.76640625 0.653125 0.1796875 0.25078125
2 0.46953125 0.51875 0.09921875 0.09765625
0 0.1046875 0.5640625 0.2 0.0875