1 0.646875 0.39609375 0.19296875 0.690625
1 0.315625 0.4046875 0.16640625 0.6984375
1 0.94609375 0.53984375 0.10703125 0.390625
1 0.1390625 0.4109375 0.14921875 0.7015625
1 0.4796875 0.4015625 0.171875 0.696875
2 0.84375 0.4453125 0.171875 0.190625
2 0.13515625 0.50625 0.175 0.18125
2 0.32734375 0.46953125 0.17890625 0.278125
2 0.50234375 0.4578125 0.16484375 0.20859375
2 0.6703125 0.4546875 0.17109375 0.24140625
1 0.8765625 0.18359375 0.128125 0.32421875
1 0.78203125 0.64921875 0.065625 0.23984375