1 0.17421875 0.328125 0.3046875 0.65234375
2 0.51875 0.48203125 0.128125 0.12578125
2 0.6859375 0.52734375 0.1328125 0.1265625
1 0.825 0.49921875 0.33515625 0.684375
1 0.5796875 0.64375 0.134375 0.2265625
1 0.41953125 0.61484375 0.12265625 0.21640625
1 0.73671875 0.68515625 0.15234375 0.23515625
2 0.1640625 0.3875 0.17890625 0.23203125
2 0.3390625 0.42578125 0.178125 0.2234375
2 0.84765625 0.5265625 0.196875 0.27890625
1 0.4125 0.1546875 0.1484375 0.28515625
1 0.59296875 0.2 0.128125 0.33203125
1 0.753125 0.25859375 0.14296875 0.3328125
1 0.925 0.30546875 0.14921875 0.3375