2 0.32578125 0.4609375 0.15625 0.20546875
2 0.67265625 0.45546875 0.16328125 0.17578125
2 0.14375 0.48828125 0.14921875 0.190625
1 0.48125 0.4 0.1640625 0.690625
1 0.8265625 0.39453125 0.22578125 0.6921875
1 0.60859375 0.62421875 0.08671875 0.203125
1 0.2859375 0.65390625 0.09375 0.2015625
1 0.86796875 0.2046875 0.1265625 0.321875
1 0.67890625 0.2125 0.1140625 0.32578125
1 0.3296875 0.2140625 0.09375 0.325
2 0.29453125 0.54375 0.0609375 0.05703125
1 0.15390625 0.203125 0.15859375 0.35625
1 0.1171875 0.69453125 0.125 0.2015625
2 0.8546875 0.43671875 0.159375 0.25546875
2 0.49375 0.45234375 0.17578125 0.2515625