2 0.496875 0.4484375 0.1625 0.18828125
2 0.68671875 0.47734375 0.13515625 0.12734375
2 0.3390625 0.496875 0.134375 0.1296875
2 0.1484375 0.51796875 0.13125 0.13046875
2 0.8609375 0.4734375 0.13984375 0.13125
1 0.77734375 0.6140625 0.1078125 0.2390625
1 0.9421875 0.52421875 0.115625 0.4234375
1 0.28671875 0.6421875 0.0890625 0.22109375
1 0.6078125 0.61875 0.09765625 0.23671875
1 0.45078125 0.62734375 0.0890625 0.23359375
2 0.8203125 0.40546875 0.109375 0.11875
2 0.30390625 0.43359375 0.109375 0.13359375
1 0.11640625 0.6625 0.09375 0.203125
1 0.49921875 0.21484375 0.10625 0.3328125
1 0.1484375 0.22890625 0.078125 0.35546875
1 0.8703125 0.20390625 0.12265625 0.32109375
2 0.96796875 0.4328125 0.06328125 0.18125
1 0.3328125 0.19609375 0.1765625 0.33125
1 0.6796875 0.203125 0.15546875 0.33515625