2 0.49921875 0.453125 0.1609375 0.17734375
2 0.6703125 0.44296875 0.1625 0.1828125
2 0.3375 0.4953125 0.13515625 0.1296875
2 0.14765625 0.51640625 0.1328125 0.13125
2 0.85390625 0.47109375 0.15859375 0.1328125
1 0.6078125 0.6203125 0.09453125 0.22734375
2 0.31015625 0.43359375 0.11796875 0.13984375
1 0.94453125 0.5390625 0.10859375 0.39375
1 0.28671875 0.64296875 0.08515625 0.2109375
2 0.821875 0.4078125 0.1171875 0.11953125
2 0.8015625 0.5109375 0.05625 0.05234375
1 0.77734375 0.6125 0.10078125 0.22265625
2 0.46328125 0.5171875 0.05390625 0.046875
1 0.11640625 0.66796875 0.08515625 0.2109375
1 0.46015625 0.63671875 0.08515625 0.2109375
1 0.15 0.21953125 0.0921875 0.3890625
1 0.33125 0.21171875 0.0921875 0.3890625
1 0.4984375 0.19453125 0.0921875 0.3890625
1 0.68515625 0.19453125 0.0921875 0.3890625
1 0.88046875 0.19453125 0.0921875 0.3890625