2 0.32734375 0.41328125 0.17265625 0.21171875
2 0.15625 0.42265625 0.13359375 0.12890625
2 0.68203125 0.52578125 0.13359375 0.12578125
2 0.51640625 0.484375 0.12734375 0.12265625
2 0.86015625 0.57265625 0.1328125 0.125
1 0.171875 0.34921875 0.2921875 0.69765625
1 0.225 0.16484375 0.175 0.32890625
1 0.6125 0.19765625 0.103125 0.34296875
1 0.409375 0.1625 0.14921875 0.30390625
1 0.43359375 0.61796875 0.09296875 0.22109375
1 0.265625 0.5875 0.14453125 0.215625
1 0.84296875 0.25859375 0.3140625 0.396875
1 0.73984375 0.721875 0.3875 0.19609375