2 0.3109375 0.49765625 0.15625 0.1515625
2 0.5171875 0.475 0.1484375 0.1484375
2 0.71953125 0.4734375 0.15625 0.1484375
2 0.0875 0.521875 0.15390625 0.153125
2 0.925 0.46953125 0.15 0.1484375
2 0.48828125 0.5625 0.2109375 0.45546875
2 0.27265625 0.421875 0.125 0.15
1 0.82578125 0.6359375 0.12109375 0.2703125
2 0.46796875 0.40703125 0.13359375 0.16484375
2 0.87734375 0.39375 0.1296875 0.13125
2 0.665625 0.403125 0.11875 0.140625
1 0.25 0.671875 0.09453125 0.23984375
1 0.503125 0.171875 0.1203125 0.340625
1 0.93046875 0.1703125 0.1328125 0.33515625
1 0.10234375 0.203125 0.125 0.40625
1 0.28671875 0.165625 0.1671875 0.33125
1 0.69375 0.16171875 0.16171875 0.3234375
1 0.071875 0.7234375 0.14375 0.228125
1 0.4484375 0.68359375 0.15625 0.259375
1 0.6421875 0.6765625 0.1328125 0.2875